     47.50     -59.50
     47.50     -58.50
     47.50     -57.50
     47.50     -56.50
     46.50     -59.50
     46.50     -58.50
     46.50     -57.50
     46.50     -56.50
     45.50     -61.50
     45.50     -60.50
     45.50     -59.50
     45.50     -58.50
     45.50     -57.50
     45.50     -56.50
     44.50     -68.50
     44.50     -67.50
     44.50     -66.50
     44.50     -65.50
     44.50     -64.50
     44.50     -63.50
     44.50     -62.50
     44.50     -61.50
     44.50     -60.50
     44.50     -59.50
     44.50     -58.50
     44.50     -57.50
     44.50     -56.50
     44.50     -55.50
     44.50     -54.50
     44.50     -53.50
     44.50     -52.50
     44.50     -51.50
     44.50     -50.50
     43.50     -70.50
     43.50     -69.50
     43.50     -68.50
     43.50     -67.50
     43.50     -66.50
     43.50     -65.50
     43.50     -64.50
     43.50     -63.50
     43.50     -62.50
     43.50     -61.50
     43.50     -60.50
     43.50     -59.50
     43.50     -58.50
     43.50     -57.50
     43.50     -56.50
     43.50     -55.50
     43.50     -54.50
     43.50     -53.50
     43.50     -52.50
     43.50     -51.50
     43.50     -50.50
     42.50     -70.50
     42.50     -69.50
     42.50     -68.50
     42.50     -67.50
     42.50     -66.50
     42.50     -65.50
     42.50     -64.50
     42.50     -63.50
     42.50     -62.50
     42.50     -61.50
     42.50     -60.50
     42.50     -59.50
     42.50     -58.50
     42.50     -57.50
     42.50     -56.50
     42.50     -55.50
     42.50     -54.50
     42.50     -53.50
     42.50     -52.50
     42.50     -51.50
     42.50     -50.50
     42.50     -49.50
     42.50     -48.50
     42.50     -47.50
     42.50     -46.50
     42.50     -45.50
     41.50     -71.50
     41.50     -70.50
     41.50     -69.50
     41.50     -68.50
     41.50     -67.50
     41.50     -66.50
     41.50     -65.50
     41.50     -64.50
     41.50     -63.50
     41.50     -62.50
     41.50     -61.50
     41.50     -60.50
     41.50     -59.50
     41.50     -58.50
     41.50     -57.50
     41.50     -56.50
     41.50     -55.50
     41.50     -54.50
     41.50     -53.50
     41.50     -52.50
     41.50     -51.50
     41.50     -50.50
     41.50     -49.50
     41.50     -48.50
     41.50     -47.50
     41.50     -46.50
     41.50     -45.50
     40.50     -73.50
     40.50     -72.50
     40.50     -71.50
     40.50     -70.50
     40.50     -69.50
     40.50     -68.50
     40.50     -67.50
     40.50     -66.50
     40.50     -65.50
     40.50     -64.50
     40.50     -63.50
     40.50     -62.50
     40.50     -61.50
     40.50     -60.50
     40.50     -59.50
     40.50     -58.50
     40.50     -57.50
     40.50     -56.50
     40.50     -55.50
     40.50     -54.50
     40.50     -53.50
     40.50     -52.50
     40.50     -51.50
     40.50     -50.50
     40.50     -49.50
     40.50     -48.50
     40.50     -47.50
     40.50     -46.50
     40.50     -45.50
     39.50     -73.50
     39.50     -72.50
     39.50     -71.50
     39.50     -70.50
     39.50     -69.50
     39.50     -68.50
     39.50     -67.50
     39.50     -66.50
     39.50     -65.50
     39.50     -64.50
     39.50     -63.50
     39.50     -62.50
     39.50     -61.50
     39.50     -60.50
     39.50     -59.50
     39.50     -58.50
     39.50     -57.50
     39.50     -56.50
     39.50     -55.50
     39.50     -54.50
     39.50     -53.50
     39.50     -52.50
     39.50     -51.50
     39.50     -50.50
     39.50     -49.50
     39.50     -48.50
     39.50     -47.50
     39.50     -46.50
     39.50     -45.50
     38.50     -74.50
     38.50     -73.50
     38.50     -72.50
     38.50     -71.50
     38.50     -70.50
     38.50     -69.50
     38.50     -68.50
     38.50     -67.50
     38.50     -66.50
     38.50     -65.50
     38.50     -64.50
     38.50     -63.50
     38.50     -62.50
     38.50     -61.50
     38.50     -60.50
     37.50     -74.50
     37.50     -73.50
     37.50     -72.50
     37.50     -71.50
     37.50     -70.50
     37.50     -69.50
     37.50     -68.50
     37.50     -67.50
     37.50     -66.50
     37.50     -65.50
     37.50     -64.50
     36.50     -74.50
     36.50     -73.50
     36.50     -72.50
     36.50     -71.50
     35.50     -74.50
     35.50     -73.50
     35.50     -72.50
     35.50     -71.50
