  -9.00000000000000       -8.46755004545840     
  -8.00000000000000       -8.46952050747002     
  -7.00000000000000       -8.35439672924718     
  -6.00000000000000       -8.16673919196303     
  -5.00000000000000       -8.16798877119956     
  -4.00000000000000       -8.31152491835165     
  -3.00000000000000       -8.50128168288835     
  -2.00000000000000       -8.56892634441191     
  -1.00000000000000       -8.74208061275419     
  0.000000000000000E+000  -9.02358947528320     
   1.00000000000000       -8.82991088947743     
   2.00000000000000       -8.55090721313263     
   3.00000000000000       -8.24041744285794     
   4.00000000000000       -8.30108040988378     
   5.00000000000000       -8.43272938844989     
   6.00000000000000       -8.50624268644946     
   7.00000000000000       -8.57353464186824     
   8.00000000000000       -8.49671547672300     
   9.00000000000000       -8.46658522582722     
   10.0000000000000       -8.52709619222333     
   11.0000000000000       -8.56477623960951     
   12.0000000000000       -8.48750181733446     
   13.0000000000000       -8.33742228678503     
   14.0000000000000       -8.19041603806295     
   15.0000000000000       -8.35275608115763     
   16.0000000000000       -8.58973272888715     
   17.0000000000000       -8.63937329970669     
   18.0000000000000       -8.66726413555171     
   19.0000000000000       -8.53545483421714     
   20.0000000000000       -8.08065826280428     
   21.0000000000000       -8.37590391619614     
   22.0000000000000       -8.41428919743701     
   23.0000000000000       -8.38997135754395     
   24.0000000000000       -8.52123775336116     
   25.0000000000000       -8.54089848031854     
   26.0000000000000       -8.52467676153385     
   27.0000000000000       -8.49960842927466     
   28.0000000000000       -8.48750710682397     
   29.0000000000000       -8.54627905517291     
   30.0000000000000       -8.65316453175804     
   31.0000000000000       -8.80939987159720     
   32.0000000000000       -8.58774557058249     
   33.0000000000000       -8.34172628998333     
   34.0000000000000       -8.32795404635061     
   35.0000000000000       -8.26754991230328     
   36.0000000000000       -8.27662049899638     
   37.0000000000000       -8.55493510361267     
   38.0000000000000       -8.57735082010036     
   39.0000000000000       -8.54575475841761     
   40.0000000000000       -8.56543880946873     
   41.0000000000000       -8.58810728200713     
   42.0000000000000       -8.41782217413883     
   43.0000000000000       -8.19459461043834     
   44.0000000000000       -8.20363562833609     
   45.0000000000000       -8.40245131951738     
   46.0000000000000       -8.55312954941271     
   47.0000000000000       -8.60432578275589     
   48.0000000000000       -8.56053379956775     
   49.0000000000000       -8.51274590987970     
   50.0000000000000       -8.41682762937819     
   51.0000000000000       -8.45092669457230     
   52.0000000000000       -8.53773087271972     
   53.0000000000000       -8.55179178723910     
   54.0000000000000       -8.50980155420077     
   55.0000000000000       -8.54522141772112     
   56.0000000000000       -8.49445474040958     
   57.0000000000000       -8.33399010706360     
   58.0000000000000       -8.26718304371878     
   59.0000000000000       -8.39650528329344     
   60.0000000000000       -8.53241811558371     
   61.0000000000000       -8.45378588691266     
   62.0000000000000       -8.34937985659629     
   63.0000000000000       -8.52255733587272     
   64.0000000000000       -8.60035579159072     
   65.0000000000000       -8.55526979583145     
   66.0000000000000       -8.51640277953350     
   67.0000000000000       -8.53638425792375     
   68.0000000000000       -8.58955181696823     
   69.0000000000000       -8.47218556913021     
   70.0000000000000       -8.42943903193770     
   71.0000000000000       -8.31833687439472     
   72.0000000000000       -8.18751569022750     
   73.0000000000000       -8.32999380188939     
   74.0000000000000       -8.58947915486505     
   75.0000000000000       -8.62005361590317     
   76.0000000000000       -8.45315289431135     
   77.0000000000000       -8.43415485670541     
   78.0000000000000       -8.60047438122685     
   79.0000000000000       -8.59152523727943     
   80.0000000000000       -8.51211000820111     
   81.0000000000000       -8.47871702795583     
   82.0000000000000       -8.64712980727857     
   83.0000000000000       -8.60008237889621     
   84.0000000000000       -8.51563872193820     
   85.0000000000000       -8.51594488027539     
   86.0000000000000       -8.56980961185034     
   87.0000000000000       -8.60370044353370     
   88.0000000000000       -8.59491823393224     
   89.0000000000000       -8.44659177953386     
   90.0000000000000       -8.19591941478597     
   91.0000000000000       -8.23036419770708     
   92.0000000000000       -8.45964150695928     
   93.0000000000000       -8.57100383290353     
   94.0000000000000       -8.48889726324539     
   95.0000000000000       -8.59982390132264     
   96.0000000000000       -8.70131236920127     
   97.0000000000000       -8.38318194417486     
   98.0000000000000       -8.21384774901348     
   99.0000000000000       -8.31757605684436     
   100.000000000000       -8.53616835176652     
   101.000000000000       -8.67079767399204     
   102.000000000000       -8.62870856596047     
   103.000000000000       -8.49498926763234     
   104.000000000000       -8.46769599888176     
   105.000000000000       -8.35682654706893     
   106.000000000000       -8.21022748348479     
   107.000000000000       -8.32529656713373     
   108.000000000000       -8.33426500938082     
   109.000000000000       -8.19708131402495     
   110.000000000000       -8.32655568064505     
   111.000000000000       -8.50926457177205     
   112.000000000000       -8.54308864146582     
   113.000000000000       -8.35024344937429     
   114.000000000000       -8.19394948068445     
   115.000000000000       -8.36030514092304     
   116.000000000000       -8.55257693373175     
   117.000000000000       -8.66988674747069     
   118.000000000000       -8.45527753653838     
   119.000000000000       -8.30019551803306     
   120.000000000000       -8.26386994448385     
   121.000000000000       -8.11208392648349     
   122.000000000000       -8.24799176503656     
   123.000000000000       -8.38681031447289     
   124.000000000000       -8.30135116728450     
   125.000000000000       -8.14808437402395     
   126.000000000000       -8.07904676872844     
   127.000000000000       -8.39391552088867     
   128.000000000000       -8.50358584585387     
   129.000000000000       -8.41264208585197     
   130.000000000000       -8.42844367645734     
   131.000000000000       -8.31024294723574     
   132.000000000000       -8.24673899035606     
   133.000000000000       -8.44330491646715     
   134.000000000000       -8.39571397570723     
   135.000000000000       -8.30176805121680     
   136.000000000000       -8.37430638495876     
   137.000000000000       -8.54506306627239     
   138.000000000000       -8.50309863165069     
   139.000000000000       -8.33167900008183     
   140.000000000000       -8.38231891641756     
   141.000000000000       -8.77613369793848     
   142.000000000000       -8.66510195482067     
   143.000000000000       -8.55661953100783     
   144.000000000000       -8.52224079118163     
   145.000000000000       -8.58731098441210     
   146.000000000000       -8.68912039581147     
   147.000000000000       -8.85629113753451     
   148.000000000000       -8.61598168514780     
   149.000000000000       -8.52051655483632     
   150.000000000000       -8.56223391373504     
   151.000000000000       -8.60928081804252     
   152.000000000000       -8.54356024457587     
   153.000000000000       -8.48565619010653     
   154.000000000000       -8.53303666210370     
   155.000000000000       -8.47037654126673     
   156.000000000000       -8.42077314441303     
   157.000000000000       -8.34174669886724     
   158.000000000000       -8.32872207760517     
   159.000000000000       -8.47479334639076     
   160.000000000000       -8.40395596001711     
   161.000000000000       -8.33975897293000     
   162.000000000000       -8.62747099122378     
   163.000000000000       -8.63211147841159     
   164.000000000000       -8.37551611118263     
   165.000000000000       -8.39420647064145     
   166.000000000000       -8.55989605299113     
   167.000000000000       -8.35190507913722     
   168.000000000000       -8.11579255708323     
   169.000000000000       -8.25124167787737     
   170.000000000000       -8.46634354934499     
   171.000000000000       -8.74087278266968     
   172.000000000000       -9.17998861052339     
   173.000000000000       -8.75516444284487     
   174.000000000000       -8.44339152916423     
   175.000000000000       -8.41074764567307     
   176.000000000000       -8.44220853436837     
   177.000000000000       -8.28018385797762     
   178.000000000000       -8.09431177792956     
   179.000000000000       -8.13695628227612     
   180.000000000000       -8.29818391751504     
   181.000000000000       -8.61743175753814     
   182.000000000000       -8.72817157712992     
   183.000000000000       -8.59644268500140     
   184.000000000000       -8.49746569332376     
   185.000000000000       -8.36314318750859     
   186.000000000000       -8.38320906121366     
   187.000000000000       -8.61064979383946     
   188.000000000000       -8.61239362065219     
   189.000000000000       -8.36368652444484     
   190.000000000000       -8.20053114481619     
   191.000000000000       -8.37199462654943     
   192.000000000000       -8.39406437378790     
   193.000000000000       -8.30815966927561     
   194.000000000000       -8.34125255754757     
   195.000000000000       -8.33992266540586     
   196.000000000000       -8.23333889856900     
   197.000000000000       -8.27885551680626     
   198.000000000000       -8.32401554549071     
   199.000000000000       -8.39834901525755     
   200.000000000000       -8.37568707997294     
   201.000000000000       -8.19493275804151     
   202.000000000000       -8.49196065154754     
   203.000000000000       -8.57707064654654     
   204.000000000000       -8.50036238606395     
   205.000000000000       -8.47949350799875     
   206.000000000000       -8.43118510848753     
   207.000000000000       -8.40704052992589     
   208.000000000000       -8.40906924166793     
   209.000000000000       -8.30474622651965     
   210.000000000000       -8.32300901230714     
   211.000000000000       -8.35272980590754     
   212.000000000000       -8.39114273232300     
   213.000000000000       -8.56198711151253     
   214.000000000000       -8.62710833993100     
   215.000000000000       -8.57077311372841     
   216.000000000000       -8.77070424115837     
   217.000000000000       -8.74868402030295     
   218.000000000000       -8.63643161885071     
   219.000000000000       -8.61461308129281     
   220.000000000000       -8.55785597328405     
   221.000000000000       -8.57891154548308     
   222.000000000000       -8.48389753605209     
   223.000000000000       -8.39808883023756     
   224.000000000000       -8.37783157605345     
   225.000000000000       -8.68998056211512     
   226.000000000000       -8.80775168406134     
   227.000000000000       -8.57234271297852     
   228.000000000000       -8.43932923816511     
   229.000000000000       -8.43096443609605     
   230.000000000000       -8.63009615940243     
   231.000000000000       -8.66618859106458     
   232.000000000000       -8.41551952544245     
   233.000000000000       -8.64045642372904     
   234.000000000000       -8.79818769631695     
   235.000000000000       -8.78941187008177     
   236.000000000000       -8.57867610576977     
   237.000000000000       -8.38265403213467     
   238.000000000000       -8.25945210593345     
   239.000000000000       -8.37420710410419     
   240.000000000000       -8.33062503088587     
   241.000000000000       -8.11502915175552     
   242.000000000000       -8.22471622470391     
   243.000000000000       -8.10710848740103     
   244.000000000000       -8.25405233298277     
   245.000000000000       -8.45438791501328     
   246.000000000000       -8.56545178417336     
   247.000000000000       -8.61420510881367     
   248.000000000000       -8.71363306016753     
   249.000000000000       -8.57603890640243     
   250.000000000000       -8.49970320034458     
   251.000000000000       -8.48882077288138     
   252.000000000000       -8.45178933849281     
   253.000000000000       -8.44964828630645     
   254.000000000000       -8.43322880544369     
   255.000000000000       -8.55107702536427     
   256.000000000000       -8.65922219394749     
   257.000000000000       -8.96637681591704     
   258.000000000000       -8.90074095033814     
   259.000000000000       -8.78205666945866     
   260.000000000000       -8.66110781443405     
   261.000000000000       -8.55298783890494     
   262.000000000000       -8.48258380662548     
   263.000000000000       -8.37752506317746     
   264.000000000000       -8.23771302044895     
   265.000000000000       -8.46141112987636     
   266.000000000000       -8.77698230304665     
   267.000000000000       -8.73446963600359     
   268.000000000000       -8.55175126463809     
   269.000000000000       -8.46283399107117     
   270.000000000000       -8.48093753483574     
   271.000000000000       -8.56336245721088     
   272.000000000000       -8.58182251649585     
   273.000000000000       -8.81865053092405     
   274.000000000000       -8.64222966591441     
   275.000000000000       -8.33139090934741     
   276.000000000000       -8.58155052853449     
   277.000000000000       -8.83660107722489     
   278.000000000000       -8.64353418402161     
   279.000000000000       -8.60237337888974     
   280.000000000000       -8.83251787586276     
   281.000000000000       -8.83268331553163     
   282.000000000000       -8.89942709158598     
   283.000000000000       -8.60532841595394     
   284.000000000000       -8.84994783422744     
   285.000000000000       -8.90817522838165     
   286.000000000000       -8.59299801972329     
   287.000000000000       -8.70640027163802     
   288.000000000000       -8.70090097339596     
   289.000000000000       -8.40979666802745     
   290.000000000000       -8.24511017723322     
   291.000000000000       -8.25363779199294     
   292.000000000000       -8.47492662866457     
   293.000000000000       -8.70511493825848     
   294.000000000000       -8.79555478723293     
   295.000000000000       -8.60462168846452     
   296.000000000000       -8.56055039767850     
   297.000000000000       -8.46428301900520     
   298.000000000000       -8.39649451524134     
   299.000000000000       -8.19555827191132     
   300.000000000000       -8.25914460027372     
   301.000000000000       -8.94480049922875     
   302.000000000000       -8.92328848912737     
   303.000000000000       -8.35090082785305     
   304.000000000000       -8.31090544322265     
   305.000000000000       -8.60300248851644     
   306.000000000000       -8.47518783339713     
   307.000000000000       -8.48479426107165     
   308.000000000000       -8.35534984526333     
   309.000000000000       -8.41374443425280     
   310.000000000000       -8.67046445990617     
   311.000000000000       -8.25453700416016     
   312.000000000000       -7.91122240021532     
   313.000000000000       -8.04174258931014     
   314.000000000000       -8.21576294168105     
   315.000000000000       -8.25987764257958     
   316.000000000000       -8.16217861661444     
   317.000000000000       -7.98402291516839     
   318.000000000000       -8.13057057679963     
   319.000000000000       -8.48118562819037     
   320.000000000000       -8.45616654720495     
   321.000000000000       -8.50502362563578     
   322.000000000000       -8.48597928208138     
   323.000000000000       -8.50177840163237     
   324.000000000000       -8.53388633765123     
   325.000000000000       -8.62206866756359     
   326.000000000000       -8.74455687536045     
   327.000000000000       -8.59701473955069     
   328.000000000000       -8.54580260179899     
   329.000000000000       -8.36735734201825     
   330.000000000000       -8.17606959704666     
   331.000000000000       -8.36886312223965     
   332.000000000000       -8.60159361176550     
   333.000000000000       -8.51576647326097     
   334.000000000000       -8.37210855674444     
   335.000000000000       -8.59421388278344     
   336.000000000000       -8.54291575971244     
   337.000000000000       -8.38246316558396     
   338.000000000000       -8.51958463449065     
   339.000000000000       -8.89499875848089     
   340.000000000000       -8.86564188200713     
   341.000000000000       -8.65240795564569     
   342.000000000000       -8.61939662732524     
   343.000000000000       -8.33583587040974     
   344.000000000000       -8.22421881327313     
   345.000000000000       -8.47203693490163     
   346.000000000000       -8.50311293643682     
   347.000000000000       -8.55275922088644     
   348.000000000000       -8.56781294025105     
   349.000000000000       -8.63438912780956     
   350.000000000000       -8.64996898843483     
   351.000000000000       -8.51736602224983     
   352.000000000000       -8.53206918953362     
   353.000000000000       -8.56243644442219     
   354.000000000000       -8.51602491669520     
   355.000000000000       -8.49671598642366     
   356.000000000000       -8.51309215961257     
   357.000000000000       -8.45413248199923     
   358.000000000000       -8.05604757065035     
   359.000000000000       -7.97056220462349     
   360.000000000000       -8.04135889084312     
   361.000000000000       -8.28325077023836     
   362.000000000000       -8.49509329146372     
   363.000000000000       -8.56380614443992     
   364.000000000000       -8.66050608671731     
   365.000000000000       -8.66781617841977     
   366.000000000000       -8.57359192841878     
   367.000000000000       -8.48444357094346     
   368.000000000000       -8.34347817654995     
   369.000000000000       -8.14985678706353     
   370.000000000000       -8.17907908774907     
   371.000000000000       -8.13158406530015     
   372.000000000000       -8.15047843019013     
   373.000000000000       -8.15841378352632     
   374.000000000000       -8.25683592234924     
   375.000000000000       -8.32698967716301     
   376.000000000000       -8.31301976961401     
   377.000000000000       -8.27803967984234     
   378.000000000000       -8.61658677560969     
   379.000000000000       -8.51413405372984     
   380.000000000000       -8.23165053264220     
   381.000000000000       -8.54904901381892     
   382.000000000000       -8.75278699218462     
   383.000000000000       -8.54777455119978     
   384.000000000000       -8.50007944603084     
   385.000000000000       -8.51842028730238     
   386.000000000000       -8.50261900520323     
   387.000000000000       -8.52767851812841     
   388.000000000000       -8.40737416396328     
   389.000000000000       -8.41868879378072     
   390.000000000000       -8.46168420445783     
   391.000000000000       -8.50154320777940     
   392.000000000000       -8.50369107832167     
   393.000000000000       -8.41628821651303     
   394.000000000000       -8.31232757934032     
   395.000000000000       -8.44007312703049     
   396.000000000000       -8.58407642806583     
   397.000000000000       -8.56092307032364     
   398.000000000000       -8.92082052515140     
   399.000000000000       -8.97031718851033     
   400.000000000000       -8.90001639408098     
   401.000000000000       -8.79679776977583     
   402.000000000000       -8.49199389153357     
   403.000000000000       -8.27380622549198     
   404.000000000000       -8.51433056063401     
   405.000000000000       -8.78803511389629     
   406.000000000000       -8.73448485733769     
   407.000000000000       -8.88574761335460     
   408.000000000000       -8.93171824231961     
   409.000000000000       -8.56983348191417     
   410.000000000000       -8.50580078563984     
   411.000000000000       -8.47367370474893     
   412.000000000000       -8.37459902377583     
   413.000000000000       -8.26357243719091     
   414.000000000000       -8.43363642721658     
   415.000000000000       -8.45484130240289     
   416.000000000000       -8.43541448405764     
   417.000000000000       -8.47035412585588     
   418.000000000000       -8.50296461781273     
   419.000000000000       -8.46151175330149     
   420.000000000000       -8.46001200744377     
   421.000000000000       -8.53613520430540     
   422.000000000000       -8.56273946609391     
   423.000000000000       -8.46164326585541     
   424.000000000000       -8.67112558041874     
   425.000000000000       -8.63768671206286     
   426.000000000000       -8.31969045675756     
   427.000000000000       -8.26134872182732     
   428.000000000000       -8.40479208961423     
   429.000000000000       -8.52338572886486     
   430.000000000000       -8.66926997602575     
   431.000000000000       -8.73678287542624     
   432.000000000000       -8.68759268174486     
   433.000000000000       -8.41459460138780     
   434.000000000000       -8.28632468490474     
   435.000000000000       -8.52733971585918     
   436.000000000000       -8.71224997035397     
   437.000000000000       -8.78129120601917     
   438.000000000000       -8.64338829481708     
   439.000000000000       -8.48956815273544     
   440.000000000000       -8.42858849283737     
   441.000000000000       -8.35783152241471     
   442.000000000000       -8.28241804478956     
   443.000000000000       -8.29348032944539     
   444.000000000000       -8.14763986823479     
   445.000000000000       -8.22782772792073     
   446.000000000000       -8.44950578329146     
   447.000000000000       -8.49853026454560     
   448.000000000000       -8.36679179914363     
   449.000000000000       -8.29828162316726     
   450.000000000000       -8.29729197572617     
   451.000000000000       -8.15368533423217     
   452.000000000000       -8.05471625073694     
   453.000000000000       -8.18864787670019     
   454.000000000000       -8.78455895527631     
   455.000000000000       -8.75722470942647     
   456.000000000000       -8.23558464373576     
   457.000000000000       -8.30880848198305     
   458.000000000000       -8.42950025892507     
   459.000000000000       -8.44294667436179     
   460.000000000000       -8.49293079919066     
   461.000000000000       -8.51786686422089     
   462.000000000000       -8.43196511564285     
   463.000000000000       -8.41076380941221     
   464.000000000000       -8.43620446165142     
   465.000000000000       -8.39262052910386     
   466.000000000000       -8.36206048939758     
   467.000000000000       -8.18577168576158     
   468.000000000000       -8.27726877238731     
   469.000000000000       -8.44060986311667     
   470.000000000000       -8.32323748478483     
   471.000000000000       -8.27382900157989     
   472.000000000000       -8.32379417268294     
   473.000000000000       -8.40979841099534     
   474.000000000000       -8.45047098862637     
   475.000000000000       -8.48545130849982     
   476.000000000000       -8.59041085532222     
   477.000000000000       -8.59797272276996     
   478.000000000000       -8.60067232004154     
   479.000000000000       -8.39760867133093     
   480.000000000000       -8.42469417750521     
   481.000000000000       -8.71634333436733     
   482.000000000000       -9.31648895933721     
   483.000000000000       -9.47847119022191     
   484.000000000000       -8.52481029561029     
   485.000000000000       -8.94584079396576     
   486.000000000000       -8.73146523446179     
   487.000000000000       -8.42615369601901     
   488.000000000000       -8.51307326317072     
   489.000000000000       -8.64336649699139     
   490.000000000000       -8.78569939442880     
   491.000000000000       -8.58383663430589     
   492.000000000000       -8.55914469019227     
   493.000000000000       -8.80563987149015     
   494.000000000000       -8.82055884471690     
   495.000000000000       -9.02907729672663     
   496.000000000000       -8.86045878098927     
   497.000000000000       -8.61445856405863     
   498.000000000000       -8.48336005561181     
   499.000000000000       -8.51984284662369     
   500.000000000000       -8.59283950635113     
   501.000000000000       -8.57376467445190     
   502.000000000000       -8.57928509932424     
   503.000000000000       -8.51850463178243     
   504.000000000000       -8.36778871539596     
   505.000000000000       -8.39386879169471     
   506.000000000000       -8.51066630213189     
   507.000000000000       -8.45035547601394     
   508.000000000000       -8.47345297589862     
   509.000000000000       -8.30978296657910     
   510.000000000000       -8.21658783979837     
   511.000000000000       -8.15854937677625     
   512.000000000000       -8.46637005592551     
   513.000000000000       -8.68767201849017     
   514.000000000000       -8.66763181098815     
   515.000000000000       -8.48500323627144     
   516.000000000000       -8.24626801542842     
   517.000000000000       -8.05063353704620     
   518.000000000000       -8.18175893637085     
   519.000000000000       -8.54639843167356     
   520.000000000000       -8.84030166785341     
   521.000000000000       -8.58685863243226     
   522.000000000000       -8.35554859899214     
   523.000000000000       -8.40835545008072     
   524.000000000000       -8.68153101716293     
   525.000000000000       -8.46652739323528     
   526.000000000000       -8.74503491201325     
   527.000000000000       -8.99459635900375     
   528.000000000000       -8.60891544577448     
   529.000000000000       -8.52245838403379     
   530.000000000000       -8.64784461376335     
   531.000000000000       -8.72099192987401     
   532.000000000000       -8.76172719320642     
   533.000000000000       -8.72411271656587     
   534.000000000000       -8.54550130374451     
   535.000000000000       -8.46252329248237     
   536.000000000000       -8.44668989661923     
   537.000000000000       -8.47343051558339     
   538.000000000000       -8.44095019671393     
   539.000000000000       -8.39030075122348     
   540.000000000000       -8.49787555201002     
   541.000000000000       -8.74270186426568     
   542.000000000000       -8.76283235887665     
   543.000000000000       -8.60462522654433     
   544.000000000000       -8.54115712238087     
   545.000000000000       -8.44332327679736     
   546.000000000000       -8.43178363136499     
   547.000000000000       -8.38285318750587     
   548.000000000000       -8.35682577166693     
   549.000000000000       -8.45708442063007     
   550.000000000000       -8.38448425614779     
   551.000000000000       -8.34359613522441     
   552.000000000000       -8.59561567069679     
   553.000000000000       -8.70299855161311     
   554.000000000000       -8.67618416517335     
   555.000000000000       -8.97855459705082     
   556.000000000000       -8.43212179145611     
   557.000000000000       -8.17216264252024     
   558.000000000000       -8.30560728851473     
   559.000000000000       -8.48080169784591     
   560.000000000000       -8.42682519931479     
   561.000000000000       -8.60003926273867     
   562.000000000000       -8.65842682290985     
   563.000000000000       -8.37932295095497     
   564.000000000000       -8.37642564233849     
   565.000000000000       -8.32724390268189     
   566.000000000000       -8.53788349939569     
   567.000000000000       -8.86478779586314     
   568.000000000000       -8.71099453348093     
   569.000000000000       -8.48605566798244     
   570.000000000000       -8.50003617690123     
   571.000000000000       -8.48564232939350     
   572.000000000000       -8.38609096948381     
   573.000000000000       -8.34751319591613     
   574.000000000000       -8.44163143788356     
   575.000000000000       -8.47726242408205     
   576.000000000000       -8.49860562127704     
   577.000000000000       -8.48122025351728     
   578.000000000000       -8.13880573578890     
   579.000000000000       -7.57513322872363     
   580.000000000000       -7.89291274674398     
   581.000000000000       -8.32178958108392     
   582.000000000000       -8.61972989820848     
   583.000000000000       -8.83206234953336     
   584.000000000000       -8.76325094234067     
   585.000000000000       -8.20949151374324     
   586.000000000000       -8.18990391156598     
   587.000000000000       -8.40111991707949     
   588.000000000000       -8.66498373036859     
   589.000000000000       -8.63468449429751     
   590.000000000000       -8.61548889763843     
   591.000000000000       -8.63997058865245     
   592.000000000000       -8.51370749758476     
   593.000000000000       -8.29243381218792     
   594.000000000000       -8.53963721932365     
   595.000000000000       -8.45059493868386     
   596.000000000000       -8.24150795759420     
   597.000000000000       -8.46360784312102     
   598.000000000000       -8.58757160473521     
   599.000000000000       -8.61517172835289     
   600.000000000000       -8.72536948010147     
   601.000000000000       -8.61831072905497     
   602.000000000000       -8.54050482018964     
   603.000000000000       -8.64723314567948     
   604.000000000000       -8.68694240800159     
   605.000000000000       -8.54810531658801     
   606.000000000000       -8.35676612216973     
   607.000000000000       -8.45793731927177     
   608.000000000000       -8.56825123379884     
   609.000000000000       -8.64151321877214     
   610.000000000000       -8.38912433375536     
   611.000000000000       -8.28910383992493     
   612.000000000000       -8.43828051483464     
   613.000000000000       -8.73683946195684     
   614.000000000000       -8.89383655200738     
   615.000000000000       -8.57906070359991     
   616.000000000000       -8.50349983339201     
   617.000000000000       -8.38284795393652     
   618.000000000000       -8.40141460629653     
   619.000000000000       -8.62727336991790     
   620.000000000000       -8.49463447450575     
   621.000000000000       -8.59704794810484     
   622.000000000000       -8.45472857591420     
   623.000000000000       -8.37811055051454     
   624.000000000000       -8.26516094753350     
   625.000000000000       -8.12187962769326     
   626.000000000000       -8.34240674693133     
   627.000000000000       -8.35793408027765     
   628.000000000000       -8.52032886609584     
   629.000000000000       -8.54576685301638     
   630.000000000000       -8.51994701599129     
   631.000000000000       -8.50695345818974     
   632.000000000000       -8.54695849038093     
   633.000000000000       -8.55370599855687     
   634.000000000000       -8.52730619405315     
   635.000000000000       -8.73570995199946     
   636.000000000000       -8.82313246599305     
   637.000000000000       -8.65735071752223     
   638.000000000000       -8.61450998083971     
   639.000000000000       -8.60935758915930     
   640.000000000000       -8.69344149500655     
   641.000000000000       -8.62592929467993     
   642.000000000000       -8.28383844867074     
   643.000000000000       -8.15801896385182     
   644.000000000000       -8.28388809413423     
   645.000000000000       -8.48454995562513     
   646.000000000000       -8.67584959438902     
   647.000000000000       -8.66632285360535     
   648.000000000000       -8.51561176101415     
   649.000000000000       -8.49195427930672     
   650.000000000000       -8.54012362395583     
   651.000000000000       -8.67709222486050     
   652.000000000000       -8.71110022752354     
   653.000000000000       -8.59442713086462     
   654.000000000000       -8.50284291713551     
   655.000000000000       -8.40175786518827     
   656.000000000000       -8.47319138269691     
   657.000000000000       -8.75991045708776     
   658.000000000000       -9.32105201866696     
   659.000000000000       -8.91007777851464     
   660.000000000000       -8.83345888589222     
   661.000000000000       -8.85549811215555     
   662.000000000000       -8.62012504145019     
   663.000000000000       -8.47203904697508     
   664.000000000000       -8.45135363121081     
   665.000000000000       -8.49409957176790     
   666.000000000000       -8.35619937384033     
   667.000000000000       -8.41690862921596     
   668.000000000000       -8.51737033966271     
   669.000000000000       -8.48748300361423     
   670.000000000000       -8.54104345880314     
   671.000000000000       -8.54129177039523     
   672.000000000000       -8.15620296261121     
   673.000000000000       -8.30280442902141     
   674.000000000000       -8.48025320465814     
   675.000000000000       -8.52374767885620     
   676.000000000000       -8.32658152814435     
   677.000000000000       -8.27930785349201     
   678.000000000000       -8.38141422329306     
   679.000000000000       -8.55669615220200     
   680.000000000000       -8.82775087150624     
   681.000000000000       -8.62464512404151     
   682.000000000000       -8.56837707211372     
   683.000000000000       -9.40709127258889     
   684.000000000000       -8.90187055762322     
   685.000000000000       -8.52786927602766     
   686.000000000000       -8.27896056629583     
   687.000000000000       -8.50461473173526     
   688.000000000000       -8.38655296030041     
   689.000000000000       -8.42746189242053     
   690.000000000000       -8.48344999956765     
   691.000000000000       -8.45499696774745     
   692.000000000000       -8.49896978993482     
   693.000000000000       -8.34342400847362     
   694.000000000000       -8.28460616405416     
   695.000000000000       -8.32642050459696     
   696.000000000000       -8.41356237438253     
   697.000000000000       -8.63889108067215     
   698.000000000000       -8.64004498828235     
   699.000000000000       -8.61257205644572     
   700.000000000000       -8.37145979561219     
   701.000000000000       -8.25681646211133     
   702.000000000000       -8.34264740496064     
   703.000000000000       -8.26553806713680     
   704.000000000000       -8.33467376922584     
   705.000000000000       -8.54813388969138     
   706.000000000000       -8.61731294643359     
   707.000000000000       -8.59712008699623     
   708.000000000000       -8.89120174813597     
   709.000000000000       -9.40542260816505     
   710.000000000000       -8.82772353619873     
   711.000000000000       -8.53162034238431     
   712.000000000000       -8.52680394028418     
   713.000000000000       -8.43896040948432     
   714.000000000000       -8.45446233676869     
   715.000000000000       -8.70897132518038     
   716.000000000000       -8.69211797814578     
   717.000000000000       -8.64725814642101     
   718.000000000000       -8.59003353814402     
   719.000000000000       -8.55405163724267     
   720.000000000000       -8.71269280763083     
   721.000000000000       -8.62087903375736     
   722.000000000000       -8.07770548121608     
   723.000000000000       -8.03831404869950     
   724.000000000000       -8.15915130509350     
   725.000000000000       -8.07016290678394     
   726.000000000000       -7.77123854761186     
   727.000000000000       -8.09052685210333     
   728.000000000000       -8.41334042683203     
   729.000000000000       -8.60562398559456     
   730.000000000000       -8.44460978117545     
   731.000000000000       -8.29291677953596     
   732.000000000000       -8.40353881399257     
   733.000000000000       -8.40398969337202     
   734.000000000000       -8.53191237968592     
   735.000000000000       -8.64689739312405     
   736.000000000000       -8.52902320979602     
   737.000000000000       -8.38604400947366     
   738.000000000000       -8.41914990655063     
   739.000000000000       -8.51876851592396     
   740.000000000000       -8.39958821191698     
   741.000000000000       -8.33089784259588     
   742.000000000000       -8.37463836815945     
   743.000000000000       -8.26193286990321     
   744.000000000000       -8.28773826575276     
   745.000000000000       -8.49074573256758     
   746.000000000000       -8.59613137322766     
   747.000000000000       -8.54670626933304     
   748.000000000000       -8.61512354659644     
   749.000000000000       -8.63606519699097     
   750.000000000000       -8.61514776152806     
   751.000000000000       -8.56352534867667     
   752.000000000000       -8.64828445357337     
   753.000000000000       -8.63444122739504     
   754.000000000000       -8.45775469218822     
   755.000000000000       -8.50226601241482     
   756.000000000000       -8.51412182172073     
   757.000000000000       -8.53978049019361     
   758.000000000000       -8.71687195788512     
   759.000000000000       -9.02787337394012     
   760.000000000000       -9.51313858666493     
   761.000000000000       -8.80884826526970     
   762.000000000000       -8.51292348005929     
   763.000000000000       -8.48405614939716     
   764.000000000000       -8.33116215620116     
   765.000000000000       -8.28729703325240     
   766.000000000000       -8.54951973101589     
   767.000000000000       -8.57266776504150     
   768.000000000000       -8.37053490457466     
   769.000000000000       -8.30785342759167     
   770.000000000000       -8.36170754493610     
   771.000000000000       -8.28741981183930     
   772.000000000000       -8.47285375444720     
   773.000000000000       -8.53605052056662     
   774.000000000000       -8.59153866646983     
   775.000000000000       -8.67153594648076     
   776.000000000000       -8.55200398210333     
   777.000000000000       -8.32546639467824     
   778.000000000000       -8.32248099733887     
   779.000000000000       -8.52120613465190     
   780.000000000000       -8.45221405556296     
   781.000000000000       -8.29512528546947     
   782.000000000000       -8.36698664040197     
   783.000000000000       -8.39565405042407     
   784.000000000000       -8.23750497810157     
   785.000000000000       -8.19360442162135     
   786.000000000000       -8.33717172137668     
   787.000000000000       -8.37797121352488     
   788.000000000000       -8.41901391350837     
   789.000000000000       -8.38404239749540     
   790.000000000000       -8.12148915144255     
   791.000000000000       -8.01041307801543     
   792.000000000000       -8.08616101343346     
   793.000000000000       -8.27852024996718     
   794.000000000000       -8.46048103661474     
   795.000000000000       -8.53666129890275     
   796.000000000000       -8.45483396850690     
   797.000000000000       -8.29472492077494     
   798.000000000000       -8.31153233139089     
   799.000000000000       -8.43597222845517     
   800.000000000000       -8.40179813120799     
   801.000000000000       -8.33549341070757     
   802.000000000000       -8.40105669345124     
   803.000000000000       -8.75055096798932     
   804.000000000000       -8.63254737606579     
   805.000000000000       -8.44253934587610     
   806.000000000000       -8.39417250572617     
   807.000000000000       -8.44156246973849     
   808.000000000000       -8.38479640223132     
   809.000000000000       -8.36960929114854     
   810.000000000000       -8.59468302773424     
   811.000000000000       -8.55640885578075     
   812.000000000000       -8.41310521685995     
   813.000000000000       -8.49839918252228     
   814.000000000000       -8.51025262859539     
   815.000000000000       -8.49536235326016     
   816.000000000000       -8.43597796634744     
   817.000000000000       -8.35785148755145     
   818.000000000000       -8.35359781877233     
   819.000000000000       -8.39311845120902     
   820.000000000000       -8.43519960008925     
   821.000000000000       -8.23754653862668     
   822.000000000000       -8.20974206067098     
   823.000000000000       -8.16908261915916     
   824.000000000000       -8.22506990579590     
   825.000000000000       -8.48684895176434     
   826.000000000000       -8.63261596972633     
   827.000000000000       -8.53036209426962     
   828.000000000000       -8.20158726733805     
   829.000000000000       -7.98854772539622     
   830.000000000000       -8.18201695124890     
   831.000000000000       -8.46233901172722     
   832.000000000000       -8.59087093233482     
   833.000000000000       -8.55958701989354     
   834.000000000000       -8.60797172831499     
   835.000000000000       -8.62371885859332     
   836.000000000000       -8.64585300780177     
   837.000000000000       -8.61070396511376     
   838.000000000000       -8.60546690798822     
   839.000000000000       -8.73499066909764     
   840.000000000000       -8.66270275444824     
   841.000000000000       -8.49572043990503     
   842.000000000000       -8.44454466735542     
   843.000000000000       -8.34272750859178     
   844.000000000000       -8.10810879237586     
   845.000000000000       -8.08998401338499     
   846.000000000000       -8.16092319948353     
   847.000000000000       -8.25222213550206     
   848.000000000000       -8.37390380948306     
   849.000000000000       -8.33381014977884     
   850.000000000000       -8.27329661013198     
   851.000000000000       -8.45391468498462     
   852.000000000000       -8.51999291432791     
   853.000000000000       -8.45219732379088     
   854.000000000000       -8.55004755685496     
   855.000000000000       -8.51544614933346     
   856.000000000000       -8.28248361049846     
   857.000000000000       -8.37455553558030     
   858.000000000000       -8.46468725701634     
   859.000000000000       -8.50809230515763     
   860.000000000000       -8.53813505373939     
   861.000000000000       -8.74215045846398     
   862.000000000000       -9.15000832621261     
   863.000000000000       -8.67711847585067     
   864.000000000000       -8.40572731872765     
   865.000000000000       -8.46607989488813     
   866.000000000000       -8.73844101988459     
   867.000000000000       -8.77726811876566     
   868.000000000000       -8.76718486761233     
   869.000000000000       -8.78496530347667     
   870.000000000000       -8.63407397545098     
   871.000000000000       -8.65937471442656     
   872.000000000000       -8.52977036904285     
   873.000000000000       -8.32424732473043     
   874.000000000000       -8.40879823757101     
   875.000000000000       -8.50973850331630     
   876.000000000000       -8.42299099642083     
   877.000000000000       -8.45924141057436     
   878.000000000000       -8.61104391813060     
   879.000000000000       -8.97965514428022     
   880.000000000000       -8.55769268939877     
   881.000000000000       -8.33788615156744     
   882.000000000000       -8.50417132519071     
   883.000000000000       -8.54746107893103     
   884.000000000000       -8.41047966688545     
   885.000000000000       -8.87513771515902     
   886.000000000000       -8.40843147183890     
   887.000000000000       -8.17361539774376     
   888.000000000000       -8.22538776724129     
   889.000000000000       -8.46424802880519     
   890.000000000000       -8.61524392710593     
   891.000000000000       -8.42146102133557     
   892.000000000000       -8.53086122721195     
   893.000000000000       -8.93262933326037     
   894.000000000000       -8.78308447135554     
   895.000000000000       -8.70218386529699     
   896.000000000000       -8.73432346570763     
   897.000000000000       -8.65951337620397     
   898.000000000000       -8.61243551434563     
   899.000000000000       -8.48569061172068     
   900.000000000000       -8.60145739722560     
   901.000000000000       -8.47386777009795     
   902.000000000000       -8.48695738589917     
   903.000000000000       -8.50906518203285     
   904.000000000000       -8.30843943279649     
   905.000000000000       -8.24703983154823     
   906.000000000000       -8.25540422238292     
   907.000000000000       -8.62178656366222     
   908.000000000000       -8.63509265076242     
   909.000000000000       -8.84642327412116     
   910.000000000000       -9.24975409120603     
   911.000000000000       -8.66641546892039     
   912.000000000000       -8.43964080941932     
   913.000000000000       -7.92700207600823     
   914.000000000000       -8.12787468443997     
   915.000000000000       -8.67621203534626     
   916.000000000000       -8.88682759434912     
   917.000000000000       -8.69501040889513     
   918.000000000000       -8.44403790312579     
   919.000000000000       -8.33037883301228     
   920.000000000000       -8.33904343268823     
   921.000000000000       -8.56568221833964     
   922.000000000000       -8.83829369815498     
   923.000000000000       -8.77506566016612     
   924.000000000000       -8.71705427359981     
   925.000000000000       -8.76923682834620     
   926.000000000000       -8.63415280298055     
   927.000000000000       -8.57671410072273     
   928.000000000000       -8.58093406677134     
   929.000000000000       -8.56181933199131     
   930.000000000000       -8.52334064809363     
   931.000000000000       -8.56211210072352     
   932.000000000000       -8.39088499707327     
   933.000000000000       -8.28464882462636     
   934.000000000000       -8.48501793138612     
   935.000000000000       -8.55997181369113     
   936.000000000000       -8.55369564032304     
   937.000000000000       -8.51273403383764     
   938.000000000000       -8.51326561256719     
   939.000000000000       -8.41786944115973     
   940.000000000000       -8.57218384357814     
   941.000000000000       -8.57303454322562     
   942.000000000000       -8.49762975263569     
   943.000000000000       -8.57370762914086     
   944.000000000000       -8.62615309207604     
   945.000000000000       -8.30710660939528     
   946.000000000000       -8.38772669184003     
   947.000000000000       -8.53661128069437     
   948.000000000000       -8.49048118043246     
   949.000000000000       -8.41396936522722     
   950.000000000000       -8.55332685894924     
   951.000000000000       -8.56306263578561     
   952.000000000000       -8.30630373284509     
   953.000000000000       -8.37884688724185     
   954.000000000000       -8.83509452117326     
   955.000000000000       -8.40334210172506     
   956.000000000000       -8.34812331225354     
   957.000000000000       -8.35667451487826     
   958.000000000000       -8.38239044534083     
   959.000000000000       -7.97258510408899     
   960.000000000000       -7.51061990350540     
   961.000000000000       -7.97653446012904     
   962.000000000000       -8.24252950204149     
   963.000000000000       -8.63111071845347     
   964.000000000000       -9.06748060962517     
   965.000000000000       -8.86553747127841     
   966.000000000000       -8.48193401982835     
   967.000000000000       -8.32534542010728     
   968.000000000000       -8.21102469544219     
   969.000000000000       -8.10214451126967     
   970.000000000000       -8.29109262283275     
   971.000000000000       -8.60054655545980     
   972.000000000000       -8.54547032909483     
   973.000000000000       -8.45807740682466     
   974.000000000000       -8.43337112954547     
   975.000000000000       -8.56887626534654     
   976.000000000000       -8.57057091251181     
   977.000000000000       -8.29087712486643     
   978.000000000000       -8.21910487219048     
   979.000000000000       -8.31674095703737     
   980.000000000000       -8.59949103510979     
   981.000000000000       -8.68642014505067     
   982.000000000000       -8.55968331404042     
   983.000000000000       -8.52336645872218     
   984.000000000000       -8.63232981428993     
   985.000000000000       -8.73219283993831     
   986.000000000000       -8.56875512947365     
   987.000000000000       -8.47527167580590     
   988.000000000000       -8.43588554885517     
   989.000000000000       -8.42481503947118     
   990.000000000000       -8.38245532016705     
   991.000000000000       -8.32721009671868     
   992.000000000000       -8.26250914694093     
   993.000000000000       -8.11619007108471     
   994.000000000000       -8.19829580618145     
   995.000000000000       -8.35062373836778     
   996.000000000000       -8.51559909190254     
   997.000000000000       -8.47835005117239     
   998.000000000000       -8.24727148360464     
   999.000000000000       -8.51435904272815     
   1000.00000000000       -8.70238280709120     
   1001.00000000000       -8.95271374343057     
   1002.00000000000       -8.64228823252189     
   1003.00000000000       -8.59708512631272     
   1004.00000000000       -8.66535411816507     
   1005.00000000000       -8.87123971454622     
   1006.00000000000       -8.93461812272366     
   1007.00000000000       -9.02177998592164     
   1008.00000000000       -8.83512046526282     
   1009.00000000000       -8.67156589833705     
   1010.00000000000       -8.62082249375165     
   1011.00000000000       -8.77123149804617     
   1012.00000000000       -8.96076590653998     
   1013.00000000000       -8.72710573229446     
   1014.00000000000       -8.36603716960810     
   1015.00000000000       -8.24540266371237     
   1016.00000000000       -8.22953714131894     
   1017.00000000000       -8.30737067411518     
   1018.00000000000       -8.36175403735795     
   1019.00000000000       -8.48003677932084     
   1020.00000000000       -8.76287303352263     
   1021.00000000000       -8.82646035386116     
   1022.00000000000       -8.53646506549951     
   1023.00000000000       -8.54613566380988     
   1024.00000000000       -8.58630786202215     
   1025.00000000000       -8.52060680104926     
   1026.00000000000       -8.31281791772518     
   1027.00000000000       -8.07467138040218     
   1028.00000000000       -8.22925415486703     
   1029.00000000000       -8.37959703213537     
   1030.00000000000       -8.41690567313904     
   1031.00000000000       -8.34420406642325     
   1032.00000000000       -8.26259859443625     
   1033.00000000000       -8.35707080558320     
   1034.00000000000       -8.55870324052729     
   1035.00000000000       -8.50081507882724     
   1036.00000000000       -8.23485874251402     
   1037.00000000000       -8.35854567765754     
   1038.00000000000       -8.63137275749960     
   1039.00000000000       -8.72545573463745     
   1040.00000000000       -8.55326856238835     
   1041.00000000000       -8.63519569709280     
   1042.00000000000       -8.81109070624197     
   1043.00000000000       -8.71167074868701     
   1044.00000000000       -8.58628179122402     
   1045.00000000000       -8.59072931852301     
   1046.00000000000       -8.56579167221352     
   1047.00000000000       -8.62365331179127     
   1048.00000000000       -8.70091076327278     
   1049.00000000000       -8.63609554394597     
   1050.00000000000       -8.39930897560075     
   1051.00000000000       -8.49986981299181     
   1052.00000000000       -8.72845786700880     
   1053.00000000000       -8.94635662039447     
   1054.00000000000       -8.56465228397265     
   1055.00000000000       -8.28535742750434     
   1056.00000000000       -8.36537427416381     
   1057.00000000000       -8.63055679913924     
   1058.00000000000       -8.75327599748784     
   1059.00000000000       -8.62652549531429     
   1060.00000000000       -8.41097136701936     
   1061.00000000000       -8.46539239910245     
   1062.00000000000       -8.51112626456884     
   1063.00000000000       -8.46112224302785     
   1064.00000000000       -8.31906005046022     
   1065.00000000000       -8.36640772333652     
   1066.00000000000       -8.38465526747532     
   1067.00000000000       -8.30954482326197     
   1068.00000000000       -8.42022942095856     
   1069.00000000000       -8.74697874853838     
   1070.00000000000       -8.69394033778204     
   1071.00000000000       -8.50367101298394     
   1072.00000000000       -8.27620013302346     
   1073.00000000000       -8.23277898932940     
   1074.00000000000       -8.46444849602456     
   1075.00000000000       -8.49722938607847     
   1076.00000000000       -8.58582261120598     
   1077.00000000000       -8.46850585827385     
   1078.00000000000       -8.20921904737073     
   1079.00000000000       -8.40584779819354     
   1080.00000000000       -8.63125468962525     
   1081.00000000000       -8.83414498418799     
   1082.00000000000       -8.60761401949815     
   1083.00000000000       -8.34673797882143     
   1084.00000000000       -8.42860652732870     
   1085.00000000000       -8.47104057920802     
   1086.00000000000       -8.35890206968473     
   1087.00000000000       -8.22758209694214     
   1088.00000000000       -8.47304473224775     
   1089.00000000000       -8.84594699894589     
   1090.00000000000       -8.58551269973033     
   1091.00000000000       -8.44382686464342     
   1092.00000000000       -8.52795121191913     
   1093.00000000000       -8.61358905132339     
   1094.00000000000       -8.55487015732746     
   1095.00000000000       -8.37885598420849     
   1096.00000000000       -8.42640687030515     
   1097.00000000000       -8.37257698731993     
   1098.00000000000       -8.29441546532101     
   1099.00000000000       -8.32291280739619     
   1100.00000000000       -8.03239091872227     
   1101.00000000000       -8.12377412424670     
   1102.00000000000       -8.70730589551689     
   1103.00000000000       -9.04724711388351     
   1104.00000000000       -8.81213191800316     
   1105.00000000000       -8.46132292733399     
   1106.00000000000       -8.47589103125797     
   1107.00000000000       -8.61914961428138     
   1108.00000000000       -9.23041040434776     
   1109.00000000000       -8.97685209813914     
   1110.00000000000       -8.53106142549214     
   1111.00000000000       -8.55245496378059     
   1112.00000000000       -8.95913917690300     
   1113.00000000000       -8.75254509473631     
   1114.00000000000       -8.20003670879943     
   1115.00000000000       -8.30659280233276     
   1116.00000000000       -8.43666219478041     
   1117.00000000000       -8.31502665520435     
   1118.00000000000       -8.42087950948771     
   1119.00000000000       -8.77485396348488     
   1120.00000000000       -8.38411587911976     
   1121.00000000000       -8.67850294189490     
   1122.00000000000       -8.89814824828563     
   1123.00000000000       -8.68263687151696     
   1124.00000000000       -8.63160807440120     
   1125.00000000000       -8.74010621499120     
   1126.00000000000       -9.35907670698732     
   1127.00000000000       -9.14671161824801     
   1128.00000000000       -8.56986835439597     
   1129.00000000000       -8.15646971370191     
   1130.00000000000       -7.98379061218927     
   1131.00000000000       -8.02762901726817     
   1132.00000000000       -8.26734606080599     
   1133.00000000000       -8.34786799104238     
   1134.00000000000       -8.20546606377437     
   1135.00000000000       -8.47435827283248     
   1136.00000000000       -8.69467578449721     
   1137.00000000000       -8.44934711328626     
   1138.00000000000       -8.34875380001010     
   1139.00000000000       -8.37762201587848     
   1140.00000000000       -8.56867584726317     
   1141.00000000000       -8.57577386872253     
   1142.00000000000       -8.57143906905355     
   1143.00000000000       -8.52254014899086     
   1144.00000000000       -8.56822761519811     
   1145.00000000000       -8.55557231219192     
   1146.00000000000       -8.38577202283961     
   1147.00000000000       -8.12136677448087     
   1148.00000000000       -8.04030267907109     
   1149.00000000000       -8.23555030744779     
   1150.00000000000       -8.54527160518355     
   1151.00000000000       -8.65902922031299     
   1152.00000000000       -8.39984952374379     
   1153.00000000000       -8.22583859826478     
   1154.00000000000       -8.31302100217930     
   1155.00000000000       -8.43940091960872     
   1156.00000000000       -8.42463268555674     
   1157.00000000000       -8.43426459327292     
   1158.00000000000       -8.63010282917337     
   1159.00000000000       -8.60949781400335     
   1160.00000000000       -8.71644772057408     
   1161.00000000000       -8.89332755654894     
   1162.00000000000       -8.70863088617308     
   1163.00000000000       -8.88805860246938     
   1164.00000000000       -8.82782153511006     
   1165.00000000000       -8.57712836949066     
   1166.00000000000       -8.55782643189997     
   1167.00000000000       -8.77060801949411     
   1168.00000000000       -8.79242083380780     
   1169.00000000000       -8.61460701818094     
   1170.00000000000       -8.72814508898797     
   1171.00000000000       -8.70642235658358     
   1172.00000000000       -8.52205234530287     
   1173.00000000000       -8.43552477064734     
   1174.00000000000       -8.60799236263032     
   1175.00000000000       -8.66592889975162     
   1176.00000000000       -8.74539451093556     
   1177.00000000000       -8.64825492604771     
   1178.00000000000       -8.74261969978582     
   1179.00000000000       -8.69374834647675     
   1180.00000000000       -8.70861613898272     
   1181.00000000000       -8.56455141747423     
   1182.00000000000       -8.21011836102089     
   1183.00000000000       -8.28554252495315     
   1184.00000000000       -8.32534378994892     
   1185.00000000000       -8.70606817292004     
   1186.00000000000       -9.06745508544591     
   1187.00000000000       -8.73618847767705     
   1188.00000000000       -8.37708550289440     
   1189.00000000000       -8.26146134177425     
   1190.00000000000       -8.44144991316277     
   1191.00000000000       -8.55189940792335     
   1192.00000000000       -8.62262423667489     
   1193.00000000000       -9.33045099135397     
   1194.00000000000       -9.47355689536477     
   1195.00000000000       -8.97600971968052     
   1196.00000000000       -8.61593033452353     
   1197.00000000000       -8.76216073847867     
   1198.00000000000       -8.72073386891487     
   1199.00000000000       -8.93767731115850     
   1200.00000000000       -8.82369454521549     
   1201.00000000000       -8.56559606529896     
   1202.00000000000       -8.60167796632144     
   1203.00000000000       -8.74048317404564     
   1204.00000000000       -8.74400552641328     
   1205.00000000000       -8.57830722931452     
   1206.00000000000       -8.41840327871076     
   1207.00000000000       -8.37773351682961     
   1208.00000000000       -8.38244459822573     
   1209.00000000000       -8.65836109542172     
   1210.00000000000       -9.18147700137495     
   1211.00000000000       -9.12042728644269     
   1212.00000000000       -9.18354103867161     
   1213.00000000000       -8.84416876259906     
   1214.00000000000       -8.46939917525972     
   1215.00000000000       -8.54954088343520     
   1216.00000000000       -8.82339589537888     
   1217.00000000000       -8.59416254147748     
   1218.00000000000       -8.58704397099520     
   1219.00000000000       -8.73424125269418     
   1220.00000000000       -8.78153644185525     
   1221.00000000000       -8.90258502358128     
   1222.00000000000       -8.87530986386367     
   1223.00000000000       -8.72964433805735     
   1224.00000000000       -8.61275166165377     
   1225.00000000000       -8.72116567089471     
   1226.00000000000       -8.82104816657935     
   1227.00000000000       -8.53717322903230     
   1228.00000000000       -8.45377994903168     
   1229.00000000000       -8.80957994011965     
   1230.00000000000       -8.73551028464484     
   1231.00000000000       -8.32017144243927     
   1232.00000000000       -8.27040556231599     
   1233.00000000000       -8.60368656584664     
   1234.00000000000       -8.70239526606266     
   1235.00000000000       -8.73883426793382     
   1236.00000000000       -8.68325627738323     
   1237.00000000000       -8.52683243252809     
   1238.00000000000       -8.55231746487165     
   1239.00000000000       -8.57948294943147     
   1240.00000000000       -8.43902812330881     
   1241.00000000000       -8.43901959319838     
   1242.00000000000       -8.58971055583254     
   1243.00000000000       -8.66375058670996     
   1244.00000000000       -8.93656854167483     
   1245.00000000000       -8.85976788462852     
   1246.00000000000       -8.66678809983639     
   1247.00000000000       -8.66578537904940     
   1248.00000000000       -8.65617710825826     
   1249.00000000000       -8.72579348628799     
   1250.00000000000       -8.56004113534850     
   1251.00000000000       -8.54742289529275     
   1252.00000000000       -8.77806074397020     
   1253.00000000000       -8.34090338232422     
   1254.00000000000       -8.14918796041814     
   1255.00000000000       -8.42879645090084     
   1256.00000000000       -8.90574092726188     
   1257.00000000000       -8.90917428070197     
   1258.00000000000       -8.83044194192251     
   1259.00000000000       -8.99904539683430     
   1260.00000000000       -8.86245544228055     
   1261.00000000000       -8.72071009095594     
   1262.00000000000       -8.23884740174262     
   1263.00000000000       -8.13571937747662     
   1264.00000000000       -8.59291512174636     
   1265.00000000000       -8.68039381736043     
   1266.00000000000       -8.44381724476352     
   1267.00000000000       -8.44159805937488     
   1268.00000000000       -8.49637478563735     
   1269.00000000000       -8.27480344003273     
   1270.00000000000       -8.06348713270309     
   1271.00000000000       -8.25705000653932     
   1272.00000000000       -8.56337274064949     
   1273.00000000000       -8.46389506472461     
   1274.00000000000       -8.64805436122704     
   1275.00000000000       -8.82016460732013     
   1276.00000000000       -8.77159356930863     
   1277.00000000000       -8.74563750167786     
   1278.00000000000       -8.66442542901107     
   1279.00000000000       -8.82368630398320     
   1280.00000000000       -8.86552544617931     
   1281.00000000000       -8.56592843561176     
   1282.00000000000       -8.41894784411265     
   1283.00000000000       -8.44886989292297     
   1284.00000000000       -8.30778829140234     
   1285.00000000000       -8.28075750859917     
   1286.00000000000       -8.44009428178291     
   1287.00000000000       -8.70254703748231     
   1288.00000000000       -8.53223541129765     
   1289.00000000000       -8.18991325824770     
   1290.00000000000       -8.16155574293270     
   1291.00000000000       -8.24224052295153     
   1292.00000000000       -8.70209865925771     
   1293.00000000000       -8.54839352376506     
   1294.00000000000       -8.35798120159983     
   1295.00000000000       -8.26979901673289     
   1296.00000000000       -8.21407503851852     
   1297.00000000000       -8.45627949732821     
   1298.00000000000       -8.75867027114621     
   1299.00000000000       -8.77718369676572     
   1300.00000000000       -8.60182259051875     
   1301.00000000000       -8.48428428601680     
   1302.00000000000       -8.45243172038034     
   1303.00000000000       -8.11316492152392     
   1304.00000000000       -8.24164339312857     
   1305.00000000000       -8.35356051487200     
   1306.00000000000       -8.39995783626012     
   1307.00000000000       -8.32933239618703     
   1308.00000000000       -8.50478293928269     
   1309.00000000000       -8.58963330928461     
   1310.00000000000       -8.73994291804561     
   1311.00000000000       -8.47075574343565     
   1312.00000000000       -8.21590741634550     
   1313.00000000000       -8.37303429474644     
   1314.00000000000       -8.49722789857108     
   1315.00000000000       -8.43148601879032     
   1316.00000000000       -8.37678242636254     
   1317.00000000000       -8.18225810600099     
   1318.00000000000       -8.24716910628927     
   1319.00000000000       -8.41309992821103     
   1320.00000000000       -8.46402516550242     
   1321.00000000000       -8.74350051000919     
   1322.00000000000       -8.91213243713215     
   1323.00000000000       -8.56642562893259     
   1324.00000000000       -8.32550470512507     
   1325.00000000000       -8.38835183823949     
   1326.00000000000       -8.61867395760223     
   1327.00000000000       -8.58965410509428     
   1328.00000000000       -8.74543795658720     
   1329.00000000000       -8.75979678486432     
   1330.00000000000       -8.59851974406725     
   1331.00000000000       -8.46064692482786     
   1332.00000000000       -8.29579873085182     
   1333.00000000000       -8.40897163431134     
   1334.00000000000       -8.46127555922851     
   1335.00000000000       -8.26632099145333     
   1336.00000000000       -8.36652004787582     
   1337.00000000000       -8.43064559725638     
   1338.00000000000       -8.39208242014035     
   1339.00000000000       -8.40890585686583     
   1340.00000000000       -8.55403720549763     
   1341.00000000000       -8.38592701052519     
   1342.00000000000       -8.18849448202969     
   1343.00000000000       -8.09968596976239     
   1344.00000000000       -8.44856533597035     
   1345.00000000000       -9.02395727027277     
   1346.00000000000       -8.56590209103754     
   1347.00000000000       -8.51788933750442     
   1348.00000000000       -8.67854913748409     
   1349.00000000000       -8.87783388901459     
   1350.00000000000       -8.61341783823028     
   1351.00000000000       -8.55018308931994     
   1352.00000000000       -8.59520475386531     
   1353.00000000000       -8.45930288508355     
   1354.00000000000       -8.60473527454829     
   1355.00000000000       -8.69091533013930     
   1356.00000000000       -8.53677975146603     
   1357.00000000000       -8.34536687076723     
   1358.00000000000       -8.09532712663480     
   1359.00000000000       -7.99517274758747     
   1360.00000000000       -8.03902511725727     
   1361.00000000000       -8.04376677425154     
   1362.00000000000       -8.07512277453310     
   1363.00000000000       -8.56415462272464     
   1364.00000000000       -8.48346443570061     
   1365.00000000000       -8.46633914061947     
   1366.00000000000       -8.61387252947883     
   1367.00000000000       -8.52735023188141     
   1368.00000000000       -8.20103839994552     
   1369.00000000000       -8.28952654980022     
   1370.00000000000       -8.67006269480073     
   1371.00000000000       -8.72541996819676     
   1372.00000000000       -8.53283448203429     
   1373.00000000000       -8.41758565265620     
   1374.00000000000       -8.38341112817132     
   1375.00000000000       -8.50505535344491     
   1376.00000000000       -8.55735283482670     
   1377.00000000000       -8.53248793090267     
   1378.00000000000       -8.30432855383631     
   1379.00000000000       -8.15277722707077     
   1380.00000000000       -8.30109078222351     
   1381.00000000000       -8.23340410209744     
   1382.00000000000       -8.29591113607533     
   1383.00000000000       -8.44926671616375     
   1384.00000000000       -8.34669638151468     
   1385.00000000000       -8.31653849128764     
   1386.00000000000       -8.50157530455219     
   1387.00000000000       -8.63223980583009     
   1388.00000000000       -8.52806986119153     
   1389.00000000000       -8.38755721384230     
   1390.00000000000       -8.27255512607515     
   1391.00000000000       -8.27187080644381     
   1392.00000000000       -8.35536407143036     
   1393.00000000000       -8.23891963080766     
   1394.00000000000       -8.20663577922669     
   1395.00000000000       -8.33515675871582     
   1396.00000000000       -8.21734941579992     
   1397.00000000000       -8.17351672415728     
   1398.00000000000       -8.36479256571107     
   1399.00000000000       -8.62349016405056     
   1400.00000000000       -8.48234760873742     
   1401.00000000000       -8.32278043209479     
   1402.00000000000       -8.34393762480962     
   1403.00000000000       -8.32316232746016     
   1404.00000000000       -8.46739281859749     
   1405.00000000000       -8.38266119010770     
   1406.00000000000       -8.46990160134053     
   1407.00000000000       -8.42727888437016     
   1408.00000000000       -8.43628750531923     
   1409.00000000000       -8.47393000551214     
   1410.00000000000       -8.48826924343513     
   1411.00000000000       -8.55814457270221     
   1412.00000000000       -8.49022367729456     
   1413.00000000000       -8.58687669016857     
   1414.00000000000       -8.48201982790007     
   1415.00000000000       -8.25839655047705     
   1416.00000000000       -8.26743356766761     
   1417.00000000000       -8.29965102396013     
   1418.00000000000       -8.26711050356632     
   1419.00000000000       -8.31041566576834     
   1420.00000000000       -8.42239267138358     
   1421.00000000000       -8.50326008667015     
   1422.00000000000       -8.30051070044815     
   1423.00000000000       -8.41878245738873     
   1424.00000000000       -8.51831369707922     
   1425.00000000000       -8.68598514767559     
   1426.00000000000       -8.59807040172293     
   1427.00000000000       -8.34975427429148     
   1428.00000000000       -7.95153766858661     
   1429.00000000000       -8.02328711334969     
   1430.00000000000       -8.27328183048455     
   1431.00000000000       -8.32683303464604     
   1432.00000000000       -8.28260748428244     
   1433.00000000000       -8.33952461803729     
   1434.00000000000       -8.18577330785688     
   1435.00000000000       -8.03172806048220     
   1436.00000000000       -8.13367237203381     
   1437.00000000000       -8.08433439218448     
   1438.00000000000       -8.05616658639743     
   1439.00000000000       -8.04877424487975     
   1440.00000000000       -8.22339328312580     
   1441.00000000000       -8.38573731905461     
   1442.00000000000       -8.60350275369461     
   1443.00000000000       -8.80520344337257     
   1444.00000000000       -8.63463068117522     
   1445.00000000000       -8.35859413298697     
   1446.00000000000       -8.33416500669045     
   1447.00000000000       -8.33804781500424     
   1448.00000000000       -8.43137852659957     
   1449.00000000000       -8.29429481996156     
   1450.00000000000       -8.30365465027872     
   1451.00000000000       -8.54612150163633     
   1452.00000000000       -8.58663697107273     
   1453.00000000000       -8.51545718679479     
   1454.00000000000       -8.37531687247521     
   1455.00000000000       -8.33834849349201     
   1456.00000000000       -8.24310283214601     
   1457.00000000000       -8.14730642467106     
   1458.00000000000       -8.27709431489246     
   1459.00000000000       -8.56100503218820     
   1460.00000000000       -8.73642913242459     
   1461.00000000000       -8.50487116984847     
   1462.00000000000       -8.36209310165353     
   1463.00000000000       -8.32604427014761     
   1464.00000000000       -8.39085926989513     
   1465.00000000000       -8.34993726792833     
   1466.00000000000       -8.35878410857981     
   1467.00000000000       -8.45980787015550     
   1468.00000000000       -8.75320238574688     
   1469.00000000000       -8.81068526066790     
   1470.00000000000       -8.53415106281366     
   1471.00000000000       -8.34095069941664     
   1472.00000000000       -7.97688923131791     
   1473.00000000000       -8.17593577988176     
   1474.00000000000       -8.56161677832181     
   1475.00000000000       -8.88454696484565     
   1476.00000000000       -8.74853987695621     
   1477.00000000000       -8.51112689481906     
   1478.00000000000       -8.49837311575453     
   1479.00000000000       -8.56921864938650     
   1480.00000000000       -8.60401759360364     
   1481.00000000000       -8.46727563257284     
   1482.00000000000       -8.35944751492571     
   1483.00000000000       -8.45960895848420     
   1484.00000000000       -8.46118431572527     
   1485.00000000000       -8.35750803831206     
   1486.00000000000       -8.32764351839687     
   1487.00000000000       -8.36945786276003     
   1488.00000000000       -8.42551910073163     
   1489.00000000000       -8.40752890037773     
   1490.00000000000       -8.49209015478300     
   1491.00000000000       -8.53546744575601     
   1492.00000000000       -8.74553317106167     
   1493.00000000000       -8.79583618315246     
   1494.00000000000       -8.53798512706647     
   1495.00000000000       -8.01625155412801     
   1496.00000000000       -7.79676277133496     
   1497.00000000000       -8.13963477574705     
   1498.00000000000       -8.47081479291921     
   1499.00000000000       -8.52084546830198     
   1500.00000000000       -8.60455106148319     
   1501.00000000000       -8.44755976901921     
   1502.00000000000       -8.39801266657867     
   1503.00000000000       -8.33087814914003     
   1504.00000000000       -8.24194074456174     
   1505.00000000000       -8.33137853627963     
   1506.00000000000       -8.46448009428582     
   1507.00000000000       -8.53125723887593     
   1508.00000000000       -8.53090616749281     
   1509.00000000000       -8.60547450043680     
   1510.00000000000       -8.38627584807182     
   1511.00000000000       -8.15630116957711     
   1512.00000000000       -8.30598327763757     
   1513.00000000000       -8.62874441217507     
   1514.00000000000       -8.74511990191851     
   1515.00000000000       -8.79374902474865     
   1516.00000000000       -8.79538869037396     
   1517.00000000000       -8.48997309795914     
   1518.00000000000       -8.28151809956788     
   1519.00000000000       -8.32722480837140     
   1520.00000000000       -8.41104608383279     
   1521.00000000000       -8.44797014433423     
   1522.00000000000       -8.39893050310954     
   1523.00000000000       -8.39935382707841     
   1524.00000000000       -8.39376023516381     
   1525.00000000000       -8.42294354694544     
   1526.00000000000       -8.55795213041765     
   1527.00000000000       -8.35886282304263     
   1528.00000000000       -8.24793893581237     
   1529.00000000000       -8.49522102632956     
   1530.00000000000       -8.58105224725459     
   1531.00000000000       -8.41090812753710     
   1532.00000000000       -8.36515412362369     
   1533.00000000000       -8.30387478137011     
   1534.00000000000       -8.43091096880994     
   1535.00000000000       -8.43082769313628     
   1536.00000000000       -8.57711804566019     
   1537.00000000000       -8.73288400710573     
   1538.00000000000       -8.67018603546165     
   1539.00000000000       -8.49184870445885     
   1540.00000000000       -8.48558717523884     
   1541.00000000000       -8.58008227897668     
   1542.00000000000       -8.67763731707469     
   1543.00000000000       -8.89037314269679     
   1544.00000000000       -8.89216903282942     
   1545.00000000000       -8.61198780792530     
   1546.00000000000       -8.50874185475687     
   1547.00000000000       -8.58047707762032     
   1548.00000000000       -8.43493118556810     
   1549.00000000000       -8.35952000008649     
   1550.00000000000       -8.30405227465145     
   1551.00000000000       -8.32669915515897     
   1552.00000000000       -8.32037993590254     
   1553.00000000000       -8.39236841810682     
   1554.00000000000       -8.43912866910008     
   1555.00000000000       -8.45132375193286     
   1556.00000000000       -8.47538404055516     
   1557.00000000000       -8.58108903862620     
   1558.00000000000       -8.52396859338556     
   1559.00000000000       -8.52873547240888     
   1560.00000000000       -8.68477720287625     
   1561.00000000000       -8.95620173244667     
   1562.00000000000       -9.16100522112363     
   1563.00000000000       -8.72765399619977     
   1564.00000000000       -8.31739638233802     
   1565.00000000000       -8.30178721814378     
   1566.00000000000       -8.39788101660988     
   1567.00000000000       -8.44778414039214     
   1568.00000000000       -8.42905714851148     
   1569.00000000000       -8.36237409684287     
   1570.00000000000       -8.12778753748353     
   1571.00000000000       -8.08176550717030     
   1572.00000000000       -8.33705847234419     
   1573.00000000000       -8.54391215238274     
   1574.00000000000       -8.63361411931348     
   1575.00000000000       -8.52893282066659     
   1576.00000000000       -8.18141625076747     
   1577.00000000000       -8.12751642926186     
   1578.00000000000       -8.34638291747392     
   1579.00000000000       -8.28075157712953     
   1580.00000000000       -8.11809567234641     
   1581.00000000000       -8.29231277018058     
   1582.00000000000       -8.64658615652573     
   1583.00000000000       -8.57942007443171     
   1584.00000000000       -8.24777609145487     
   1585.00000000000       -8.26716410618220     
   1586.00000000000       -8.60597072065237     
   1587.00000000000       -8.67386192787435     
   1588.00000000000       -8.73350812074749     
   1589.00000000000       -8.75724799181716     
   1590.00000000000       -8.69738627955944     
   1591.00000000000       -8.52468648671578     
   1592.00000000000       -8.14102931018109     
   1593.00000000000       -8.22972800641373     
   1594.00000000000       -8.71266870446143     
   1595.00000000000       -8.86478846967700     
   1596.00000000000       -8.58007099886398     
   1597.00000000000       -8.33619810864647     
   1598.00000000000       -8.19566630824035     
   1599.00000000000       -8.25021381518775     
   1600.00000000000       -8.39524150162201     
   1601.00000000000       -8.52072520366793     
   1602.00000000000       -8.57216509466626     
   1603.00000000000       -8.39325981580717     
   1604.00000000000       -8.40743690757705     
   1605.00000000000       -8.47290963492538     
   1606.00000000000       -8.48669204773408     
   1607.00000000000       -8.36494760741173     
   1608.00000000000       -8.25310461887334     
   1609.00000000000       -8.41928286495485     
   1610.00000000000       -8.43755834556496     
   1611.00000000000       -8.53492473016907     
   1612.00000000000       -8.51348127517995     
   1613.00000000000       -8.53027132491478     
   1614.00000000000       -8.56933230677356     
   1615.00000000000       -8.53313684125354     
   1616.00000000000       -8.35079466151912     
   1617.00000000000       -8.11224768569690     
   1618.00000000000       -8.10787731689886     
   1619.00000000000       -8.23988576090161     
   1620.00000000000       -8.25892061331501     
   1621.00000000000       -8.27374866470017     
   1622.00000000000       -8.57555923902120     
   1623.00000000000       -8.60886264257474     
   1624.00000000000       -8.30874635539908     
   1625.00000000000       -8.15711828762853     
   1626.00000000000       -8.27347272166945     
   1627.00000000000       -8.40359733302859     
   1628.00000000000       -8.22915815997457     
   1629.00000000000       -8.14283236204401     
   1630.00000000000       -8.44719036183306     
   1631.00000000000       -8.85633898139999     
   1632.00000000000       -8.73325861279754     
   1633.00000000000       -8.68253568998943     
   1634.00000000000       -8.72462999395261     
   1635.00000000000       -8.66518311119063     
   1636.00000000000       -8.30688795762201     
   1637.00000000000       -8.24173318933329     
   1638.00000000000       -8.40413866834368     
   1639.00000000000       -8.44061837267719     
   1640.00000000000       -8.58839205827961     
   1641.00000000000       -8.63027940749519     
   1642.00000000000       -8.36123096519621     
   1643.00000000000       -8.16626170326827     
   1644.00000000000       -8.16816312116879     
   1645.00000000000       -8.11985842750476     
   1646.00000000000       -8.23401400483448     
   1647.00000000000       -8.67191997488006     
   1648.00000000000       -8.55991887623339     
   1649.00000000000       -8.49285858947786     
   1650.00000000000       -8.48215681901259     
   1651.00000000000       -8.32442212259976     
   1652.00000000000       -8.22667242972374     
   1653.00000000000       -8.39691138713392     
   1654.00000000000       -8.43554699613303     
   1655.00000000000       -8.42018229499812     
   1656.00000000000       -8.48199479702726     
   1657.00000000000       -8.49021129430271     
   1658.00000000000       -8.56894468840773     
   1659.00000000000       -8.70592029955533     
   1660.00000000000       -9.04039640182493     
   1661.00000000000       -8.91439745265616     
   1662.00000000000       -8.78410204536186     
   1663.00000000000       -8.83233635272902     
   1664.00000000000       -8.40303184542550     
   1665.00000000000       -7.99470156548939     
   1666.00000000000       -7.98984673778897     
   1667.00000000000       -8.14754160447128     
   1668.00000000000       -8.34069509803364     
   1669.00000000000       -8.50327565173663     
   1670.00000000000       -8.55138335987334     
   1671.00000000000       -8.43365218615714     
   1672.00000000000       -8.55344700566648     
   1673.00000000000       -8.73486363984223     
   1674.00000000000       -8.73621625103801     
   1675.00000000000       -8.59931365422263     
   1676.00000000000       -8.71346837124029     
   1677.00000000000       -8.67580404954167     
   1678.00000000000       -8.51741119577730     
   1679.00000000000       -8.41018255971312     
   1680.00000000000       -8.36639599140086     
   1681.00000000000       -8.45633970392670     
   1682.00000000000       -8.44227847001751     
   1683.00000000000       -8.39934188897402     
   1684.00000000000       -8.54322651839951     
   1685.00000000000       -8.51712918548829     
   1686.00000000000       -8.49425790938847     
   1687.00000000000       -8.51598078099178     
   1688.00000000000       -8.52005651217021     
   1689.00000000000       -8.50682249645231     
   1690.00000000000       -8.34080492682185     
   1691.00000000000       -7.95742883489270     
   1692.00000000000       -7.96784540594757     
   1693.00000000000       -8.27356228403546     
   1694.00000000000       -8.49308983905251     
   1695.00000000000       -8.44826060299063     
   1696.00000000000       -8.57336298574621     
   1697.00000000000       -8.44503074827547     
   1698.00000000000       -8.44499979544639     
   1699.00000000000       -8.70766682739688     
   1700.00000000000       -8.81793415461846     
   1701.00000000000       -8.62953842774077     
   1702.00000000000       -8.49649329769379     
   1703.00000000000       -8.48347424644736     
   1704.00000000000       -8.49148255146329     
   1705.00000000000       -8.56726986243272     
   1706.00000000000       -8.57434088564943     
   1707.00000000000       -8.35918614676977     
   1708.00000000000       -8.40754660901368     
   1709.00000000000       -8.44110693911944     
   1710.00000000000       -8.31169226129088     
   1711.00000000000       -8.24693900351068     
   1712.00000000000       -8.23062858313130     
   1713.00000000000       -8.40439608873996     
   1714.00000000000       -8.59499656884234     
   1715.00000000000       -8.66660308197327     
   1716.00000000000       -8.58865754527932     
   1717.00000000000       -8.44709344380671     
   1718.00000000000       -8.34819212575144     
   1719.00000000000       -8.42957899054846     
   1720.00000000000       -8.63000349777395     
   1721.00000000000       -8.71387988288820     
   1722.00000000000       -8.55071025445871     
   1723.00000000000       -8.43324288707524     
   1724.00000000000       -8.85554746942466     
   1725.00000000000       -8.94972947220666     
   1726.00000000000       -8.78074497828475     
   1727.00000000000       -8.82034934124411     
   1728.00000000000       -9.05072894670124     
   1729.00000000000       -8.79590288359810     
   1730.00000000000       -8.65234100148432     
   1731.00000000000       -8.57652205063138     
   1732.00000000000       -8.67865421193916     
   1733.00000000000       -8.46773841188829     
   1734.00000000000       -8.36119786754933     
   1735.00000000000       -8.69682253425573     
   1736.00000000000       -8.80289598537058     
   1737.00000000000       -8.61767793854532     
   1738.00000000000       -8.54584578114424     
   1739.00000000000       -8.47458342380487     
   1740.00000000000       -8.68648213059442     
   1741.00000000000       -8.62645140281751     
   1742.00000000000       -8.57866319366331     
   1743.00000000000       -8.51986523100521     
   1744.00000000000       -8.37709160896181     
   1745.00000000000       -8.44146902944432     
   1746.00000000000       -8.47727801034668     
   1747.00000000000       -8.53415448220107     
   1748.00000000000       -8.58163571649183     
   1749.00000000000       -8.74628755706648     
   1750.00000000000       -8.88714042491775     
   1751.00000000000       -8.55706291277557     
   1752.00000000000       -8.21555929264519     
   1753.00000000000       -8.27181355426895     
   1754.00000000000       -8.38263593211306     
   1755.00000000000       -8.29480513627899     
   1756.00000000000       -8.27290863892564     
   1757.00000000000       -8.44374472717905     
   1758.00000000000       -8.69487721816342     
   1759.00000000000       -8.62405191186753     
   1760.00000000000       -8.22817691804920     
   1761.00000000000       -8.58430542450189     
   1762.00000000000       -8.72589834278354     
   1763.00000000000       -8.49370025531907     
   1764.00000000000       -8.48605297222520     
   1765.00000000000       -8.56629050922453     
   1766.00000000000       -8.51825789621947     
   1767.00000000000       -8.44668951905375     
   1768.00000000000       -8.48078949333834     
   1769.00000000000       -8.54797194029482     
   1770.00000000000       -8.55183478546851     
   1771.00000000000       -8.40817294793467     
   1772.00000000000       -8.16892580194810     
   1773.00000000000       -8.21885385277136     
   1774.00000000000       -8.33741462846928     
   1775.00000000000       -8.42584232038881     
   1776.00000000000       -8.44713215056904     
   1777.00000000000       -8.21654121231478     
   1778.00000000000       -8.08153781891355     
   1779.00000000000       -8.18237099431747     
   1780.00000000000       -8.23206533730741     
   1781.00000000000       -8.45343609321500     
   1782.00000000000       -8.71424076080544     
   1783.00000000000       -8.53069840205955     
   1784.00000000000       -8.57081669556179     
   1785.00000000000       -8.38760401126424     
   1786.00000000000       -8.35497322214480     
   1787.00000000000       -8.56674877371526     
   1788.00000000000       -8.38391691507093     
   1789.00000000000       -8.27536527622023     
   1790.00000000000       -8.39311330736453     
   1791.00000000000       -8.46505536287761     
   1792.00000000000       -8.48465270950329     
   1793.00000000000       -8.49944063986289     
   1794.00000000000       -8.45682121249239     
   1795.00000000000       -8.48870670733813     
   1796.00000000000       -8.35717895645128     
   1797.00000000000       -8.49059231216833     
   1798.00000000000       -8.75146776459050     
   1799.00000000000       -8.66235797738175     
   1800.00000000000       -8.52118045582233     
   1801.00000000000       -8.54416674000733     
   1802.00000000000       -8.65741151304379     
   1803.00000000000       -8.77678449497484     
   1804.00000000000       -8.65579557899564     
   1805.00000000000       -8.25910782771723     
   1806.00000000000       -8.60625425178627     
   1807.00000000000       -8.98363450221556     
   1808.00000000000       -8.93619482154552     
   1809.00000000000       -8.54205517461530     
   1810.00000000000       -8.34022436701422     
   1811.00000000000       -8.20731047046863     
   1812.00000000000       -8.16493389441032     
   1813.00000000000       -8.33965109135656     
   1814.00000000000       -8.43253521024424     
   1815.00000000000       -8.42852078521947     
   1816.00000000000       -8.50134935198343     
   1817.00000000000       -8.49496282101445     
   1818.00000000000       -8.08904955512659     
   1819.00000000000       -8.11385344252401     
   1820.00000000000       -8.50400072725315     
   1821.00000000000       -8.53425990755595     
   1822.00000000000       -8.52025760702259     
   1823.00000000000       -8.64570350402511     
   1824.00000000000       -8.54265284068529     
   1825.00000000000       -8.46470802136520     
   1826.00000000000       -8.46072598430474     
   1827.00000000000       -8.64265344813045     
   1828.00000000000       -8.74810450663148     
   1829.00000000000       -8.77388030368430     
   1830.00000000000       -8.85462169334156     
   1831.00000000000       -8.55803382431132     
   1832.00000000000       -8.40460853745872     
   1833.00000000000       -8.39079480175109     
   1834.00000000000       -8.45624853389805     
   1835.00000000000       -8.59267998758582     
   1836.00000000000       -8.76659396605123     
   1837.00000000000       -8.82024822934990     
   1838.00000000000       -8.71902435522851     
   1839.00000000000       -8.49239481282650     
   1840.00000000000       -8.35107745812305     
   1841.00000000000       -8.58920355601696     
   1842.00000000000       -8.51987958909145     
   1843.00000000000       -8.36551178882410     
   1844.00000000000       -8.41457633756727     
   1845.00000000000       -8.44385250878246     
   1846.00000000000       -8.31266986082584     
   1847.00000000000       -8.29678752022745     
   1848.00000000000       -8.43024696272571     
   1849.00000000000       -8.44563457669747     
   1850.00000000000       -8.42475804410972     
   1851.00000000000       -8.25920088104613     
   1852.00000000000       -8.21719192435240     
   1853.00000000000       -8.31808312198193     
   1854.00000000000       -8.30692149419176     
   1855.00000000000       -8.45980785019905     
   1856.00000000000       -8.49742756624445     
   1857.00000000000       -8.47768612968195     
   1858.00000000000       -8.43983480529510     
   1859.00000000000       -8.37250807566753     
   1860.00000000000       -8.39797026042028     
   1861.00000000000       -8.36184698391039     
   1862.00000000000       -8.27388067716801     
   1863.00000000000       -8.18657372629881     
   1864.00000000000       -8.14608491656571     
   1865.00000000000       -8.57797263846637     
   1866.00000000000       -8.61855290989815     
   1867.00000000000       -8.15318892650577     
   1868.00000000000       -8.27144265507056     
   1869.00000000000       -8.69406807488170     
   1870.00000000000       -8.50721705208666     
   1871.00000000000       -8.17961223978892     
   1872.00000000000       -8.45061867250107     
   1873.00000000000       -8.72416167032161     
   1874.00000000000       -8.66440799106018     
   1875.00000000000       -8.59154551812957     
   1876.00000000000       -8.49681054927408     
   1877.00000000000       -8.41765003850438     
   1878.00000000000       -8.37950078199565     
   1879.00000000000       -8.29621810273118     
   1880.00000000000       -8.48567995541167     
   1881.00000000000       -8.97541713100252     
   1882.00000000000       -8.84825599416003     
   1883.00000000000       -8.53105354495267     
   1884.00000000000       -8.54345611800038     
   1885.00000000000       -8.37822905751101     
   1886.00000000000       -8.44426700560520     
   1887.00000000000       -8.40660496712485     
   1888.00000000000       -8.45357403961347     
   1889.00000000000       -8.56980020985096     
   1890.00000000000       -8.51321966440957     
   1891.00000000000       -8.13622943868041     
   1892.00000000000       -8.55898490514563     
   1893.00000000000       -8.79452469374031     
   1894.00000000000       -8.71584961186662     
   1895.00000000000       -8.45227590074660     
   1896.00000000000       -8.41853076596466     
   1897.00000000000       -8.68597727522857     
   1898.00000000000       -8.67560368086204     
   1899.00000000000       -8.38212332644356     
   1900.00000000000       -7.94810054384367     
   1901.00000000000       -8.21613251288959     
   1902.00000000000       -8.44521087197542     
   1903.00000000000       -8.58909128256003     
   1904.00000000000       -8.94886431558619     
   1905.00000000000       -8.83376093928402     
   1906.00000000000       -8.50730223371652     
   1907.00000000000       -8.32871427319270     
   1908.00000000000       -8.15895516243089     
   1909.00000000000       -8.35714029698789     
   1910.00000000000       -8.30461440896028     
   1911.00000000000       -8.11837824607444     
   1912.00000000000       -8.14851462195131     
   1913.00000000000       -8.28906721816393     
   1914.00000000000       -8.44427716059476     
   1915.00000000000       -8.38589426754263     
   1916.00000000000       -8.52037027049522     
   1917.00000000000       -8.55111974523667     
   1918.00000000000       -8.28134223519134     
   1919.00000000000       -8.47870317605231     
   1920.00000000000       -8.68182124170428     
   1921.00000000000       -8.76417014873863     
   1922.00000000000       -8.49650376576822     
   1923.00000000000       -8.32403362760955     
   1924.00000000000       -8.49143886491642     
   1925.00000000000       -8.60192790393007     
   1926.00000000000       -8.67484658923740     
   1927.00000000000       -8.65825268146362     
   1928.00000000000       -8.59323870710191     
   1929.00000000000       -8.45691565194798     
   1930.00000000000       -8.79416679337649     
   1931.00000000000       -8.74146394770170     
   1932.00000000000       -8.60303479924262     
   1933.00000000000       -8.64604973453583     
   1934.00000000000       -8.62667465994661     
   1935.00000000000       -8.63441626099989     
   1936.00000000000       -8.84668343760219     
   1937.00000000000       -8.97673419947675     
   1938.00000000000       -8.71060731530316     
   1939.00000000000       -8.60838141670859     
   1940.00000000000       -8.68779153456432     
   1941.00000000000       -8.57895797653722     
   1942.00000000000       -8.46578565248256     
   1943.00000000000       -8.22101469400125     
   1944.00000000000       -8.36589038888436     
   1945.00000000000       -8.50641141120306     
   1946.00000000000       -8.63563615662536     
   1947.00000000000       -8.79446021647716     
   1948.00000000000       -8.60088272377513     
   1949.00000000000       -8.46038526375459     
   1950.00000000000       -8.37838666058648     
   1951.00000000000       -8.31732282378028     
   1952.00000000000       -8.45594178268244     
   1953.00000000000       -8.64739585826131     
   1954.00000000000       -8.53351187892082     
   1955.00000000000       -8.45347063358476     
   1956.00000000000       -8.54344967420362     
   1957.00000000000       -8.78756512965656     
   1958.00000000000       -8.79524792440409     
   1959.00000000000       -8.77436653940315     
   1960.00000000000       -8.82623975622279     
   1961.00000000000       -8.70611527212568     
   1962.00000000000       -8.44900620492073     
   1963.00000000000       -8.09058170175563     
   1964.00000000000       -7.94757734867164     
   1965.00000000000       -8.16327233411360     
   1966.00000000000       -8.55000181692938     
   1967.00000000000       -8.69653841041133     
   1968.00000000000       -8.70844085017696     
   1969.00000000000       -8.76880680123590     
   1970.00000000000       -8.71089730713854     
   1971.00000000000       -8.57447066914792     
   1972.00000000000       -8.53986438817220     
   1973.00000000000       -8.88623864337250     
   1974.00000000000       -8.87111514732714     
   1975.00000000000       -8.62015276123392     
   1976.00000000000       -8.75571605276591     
   1977.00000000000       -8.95362075979092     
   1978.00000000000       -9.01589773464244     
   1979.00000000000       -8.82666810438679     
   1980.00000000000       -8.78968834655173     
   1981.00000000000       -8.67862668161979     
   1982.00000000000       -8.64396066347084     
   1983.00000000000       -8.73805530044370     
   1984.00000000000       -8.66390868728549     
   1985.00000000000       -8.85681523618151     
   1986.00000000000       -9.06943145728823     
   1987.00000000000       -9.12188154572553     
   1988.00000000000       -8.83328201905448     
   1989.00000000000       -8.64715693105110     
   1990.00000000000       -8.98238042533829     
   1991.00000000000       -8.99139968135241     
   1992.00000000000       -8.83587839670273     
   1993.00000000000       -8.84761298602331     
   1994.00000000000       -8.86223817480553     
   1995.00000000000       -8.74016850656964     
   1996.00000000000       -8.60955162026418     
   1997.00000000000       -8.75116461010552     
   1998.00000000000       -9.07149709826672     
   1999.00000000000       -9.21910709201339     
   2000.00000000000       -9.05500857022461     
   2001.00000000000       -8.88251796704364     
   2002.00000000000       -8.80368206071565     
   2003.00000000000       -8.93007392174920     
   2004.00000000000       -9.27146344102929     
   2005.00000000000       -9.26808386086968     
   2006.00000000000       -8.88051784118772     
   2007.00000000000       -8.63586955871437     
   2008.00000000000       -8.52859024073066     
   2009.00000000000       -8.71373899872895     
   2010.00000000000       -8.73789443288400     
   2011.00000000000       -8.69997605659817     
   2012.00000000000       -8.64585108423886     
   2013.00000000000       -9.01386498751137     
   2014.00000000000       -9.31110052025667     
   2015.00000000000       -8.92527998307171     
   2016.00000000000       -8.73971894504427     
