  -9.00000000000000       -8.47321398283238     
  -8.00000000000000       -8.47399948259513     
  -7.00000000000000       -8.47472885058854     
  -6.00000000000000       -8.47540071353067     
  -5.00000000000000       -8.47601405094616     
  -4.00000000000000       -8.47656822318423     
  -3.00000000000000       -8.47706299574022     
  -2.00000000000000       -8.47749855886418     
  -1.00000000000000       -8.47787554142133     
  0.000000000000000E+000  -8.47819501798660     
   1.00000000000000       -8.47845850821719     
   2.00000000000000       -8.47866796765870     
   3.00000000000000       -8.47882576930724     
   4.00000000000000       -8.47893467547421     
   5.00000000000000       -8.47899779978266     
   6.00000000000000       -8.47901855945871     
   7.00000000000000       -8.47900061846225     
   8.00000000000000       -8.47894782241317     
   9.00000000000000       -8.47886412669633     
   10.0000000000000       -8.47875351954923     
   11.0000000000000       -8.47861994232327     
   12.0000000000000       -8.47846720943939     
   13.0000000000000       -8.47829893080043     
   14.0000000000000       -8.47811843955324     
   15.0000000000000       -8.47792872809075     
   16.0000000000000       -8.47773239503342     
   17.0000000000000       -8.47753160562568     
   18.0000000000000       -8.47732806752858     
   19.0000000000000       -8.47712302340176     
   20.0000000000000       -8.47691726097100     
   21.0000000000000       -8.47671114050726     
   22.0000000000000       -8.47650463884289     
   23.0000000000000       -8.47629740826729     
   24.0000000000000       -8.47608884792675     
   25.0000000000000       -8.47587818474609     
   26.0000000000000       -8.47566456043253     
   27.0000000000000       -8.47544712084415     
   28.0000000000000       -8.47522510392371     
   29.0000000000000       -8.47499792251649     
   30.0000000000000       -8.47476523870005     
   31.0000000000000       -8.47452702673128     
   32.0000000000000       -8.47428362232899     
   33.0000000000000       -8.47403575671854     
   34.0000000000000       -8.47378457462303     
   35.0000000000000       -8.47353163614558     
   36.0000000000000       -8.47327890320668     
   37.0000000000000       -8.47302871183658     
   38.0000000000000       -8.47278373214560     
   39.0000000000000       -8.47254691817864     
   40.0000000000000       -8.47232145009283     
   41.0000000000000       -8.47211067117424     
   42.0000000000000       -8.47191802213788     
   43.0000000000000       -8.47174697495077     
   44.0000000000000       -8.47160096810246     
   45.0000000000000       -8.47148334485021     
   46.0000000000000       -8.47139729551825     
   47.0000000000000       -8.47134580446528     
   48.0000000000000       -8.47133160188510     
   49.0000000000000       -8.47135712019919     
   50.0000000000000       -8.47142445446651     
   51.0000000000000       -8.47153532599068     
   52.0000000000000       -8.47169104816400     
   53.0000000000000       -8.47189249355735     
   54.0000000000000       -8.47214006134275     
   55.0000000000000       -8.47243364431525     
   56.0000000000000       -8.47277259504733     
   57.0000000000000       -8.47315569104430     
   58.0000000000000       -8.47358109914895     
   59.0000000000000       -8.47404633984303     
   60.0000000000000       -8.47454825248449     
   61.0000000000000       -8.47508296287725     
   62.0000000000000       -8.47564585486906     
   63.0000000000000       -8.47623154789333     
   64.0000000000000       -8.47683388249355     
   65.0000000000000       -8.47744591588551     
   66.0000000000000       -8.47805992951503     
   67.0000000000000       -8.47866745035978     
   68.0000000000000       -8.47925928740909     
   69.0000000000000       -8.47982558434818     
   70.0000000000000       -8.48035588899087     
   71.0000000000000       -8.48083923946979     
   72.0000000000000       -8.48126426662940     
   73.0000000000000       -8.48161931150234     
   74.0000000000000       -8.48189255620979     
   75.0000000000000       -8.48207216613810     
   76.0000000000000       -8.48214644082894     
   77.0000000000000       -8.48210397069959     
   78.0000000000000       -8.48193379649671     
   79.0000000000000       -8.48162556829225     
   80.0000000000000       -8.48116970085485     
   81.0000000000000       -8.48055752237413     
   82.0000000000000       -8.47978141376773     
   83.0000000000000       -8.47883493614883     
   84.0000000000000       -8.47771294445763     
   85.0000000000000       -8.47641168573919     
   86.0000000000000       -8.47492888106060     
   87.0000000000000       -8.47326379057615     
   88.0000000000000       -8.47141726174327     
   89.0000000000000       -8.46939176114468     
   90.0000000000000       -8.46719139075801     
   91.0000000000000       -8.46482188981983     
   92.0000000000000       -8.46229062364111     
   93.0000000000000       -8.45960656083895     
   94.0000000000000       -8.45678024045204     
   95.0000000000000       -8.45382373030717     
   96.0000000000000       -8.45075057780920     
   97.0000000000000       -8.44757575404893     
   98.0000000000000       -8.44431559177852     
   99.0000000000000       -8.44098771741324     
   100.000000000000       -8.43761097680150     
   101.000000000000       -8.43420535408813     
   102.000000000000       -8.43079188260191     
   103.000000000000       -8.42739254635237     
   104.000000000000       -8.42403017044657     
   105.000000000000       -8.42072829855474     
   106.000000000000       -8.41751105548333     
   107.000000000000       -8.41440299297100     
   108.000000000000       -8.41142891701695     
   109.000000000000       -8.40861369538899     
   110.000000000000       -8.40598204444047     
   111.000000000000       -8.40355829498488     
   112.000000000000       -8.40136613772373     
   113.000000000000       -8.39942834957695     
   114.000000000000       -8.39776650320336     
   115.000000000000       -8.39640066298853     
   116.000000000000       -8.39534907178500     
   117.000000000000       -8.39462783367419     
   118.000000000000       -8.39425059893689     
   119.000000000000       -8.39422825822703     
   120.000000000000       -8.39456865359460     
   121.000000000000       -8.39527631445880     
   122.000000000000       -8.39635222685120     
   123.000000000000       -8.39779364420107     
   124.000000000000       -8.39959394759650     
   125.000000000000       -8.40174256281296     
   126.000000000000       -8.40422494045208     
   127.000000000000       -8.40702260428946     
   128.000000000000       -8.41011327141358     
   129.000000000000       -8.41347104598396     
   130.000000000000       -8.41706668649574     
   131.000000000000       -8.42086794436625     
   132.000000000000       -8.42483996952863     
   133.000000000000       -8.42894577659924     
   134.000000000000       -8.43314676316253     
   135.000000000000       -8.43740326986439     
   136.000000000000       -8.44167517040351     
   137.000000000000       -8.44592247822667     
   138.000000000000       -8.45010595583236     
   139.000000000000       -8.45418771211326     
   140.000000000000       -8.45813177315681     
   141.000000000000       -8.46190461238960     
   142.000000000000       -8.46547562689232     
   143.000000000000       -8.46881754810753     
   144.000000000000       -8.47190677697018     
   145.000000000000       -8.47472363565502     
   146.000000000000       -8.47725253058113     
   147.000000000000       -8.47948202395745     
   148.000000000000       -8.48140481389870     
   149.000000000000       -8.48301762589030     
   150.000000000000       -8.48432102103114     
   151.000000000000       -8.48531912893902     
   152.000000000000       -8.48601931537429     
   153.000000000000       -8.48643179644515     
   154.000000000000       -8.48656921263915     
   155.000000000000       -8.48644617683450     
   156.000000000000       -8.48607881085369     
   157.000000000000       -8.48548428502522     
   158.000000000000       -8.48468037462910     
   159.000000000000       -8.48368504605152     
   160.000000000000       -8.48251608401269     
   161.000000000000       -8.48119076942393     
   162.000000000000       -8.47972561535149     
   163.000000000000       -8.47813616629879     
   164.000000000000       -8.47643686365364     
   165.000000000000       -8.47464097777030     
   166.000000000000       -8.47276060485239     
   167.000000000000       -8.47080672464953     
   168.000000000000       -8.46878931304577     
   169.000000000000       -8.46671750195838     
   170.000000000000       -8.46459977762363     
   171.000000000000       -8.46244420735176     
   172.000000000000       -8.46025868420086     
   173.000000000000       -8.45805117875054     
   174.000000000000       -8.45582998724026     
   175.000000000000       -8.45360396575205     
   176.000000000000       -8.45138274083251     
   177.000000000000       -8.44917688792617     
   178.000000000000       -8.44699807018965     
   179.000000000000       -8.44485913162632     
   180.000000000000       -8.44277413997894     
   181.000000000000       -8.44075837639538     
   182.000000000000       -8.43882827049516     
   183.000000000000       -8.43700128107099     
   184.000000000000       -8.43529572421908     
   185.000000000000       -8.43373055217213     
   186.000000000000       -8.43232508747663     
   187.000000000000       -8.43109871838645     
   188.000000000000       -8.43007056241474     
   189.000000000000       -8.42925910587789     
   190.000000000000       -8.42868182796457     
   191.000000000000       -8.42835481835953     
   192.000000000000       -8.42829239773999     
   193.000000000000       -8.42850675053939     
   194.000000000000       -8.42900757923937     
   195.000000000000       -8.42980178911371     
   196.000000000000       -8.43089321181278     
   197.000000000000       -8.43228237545899     
   198.000000000000       -8.43396632803638     
   199.000000000000       -8.43593851982056     
   200.000000000000       -8.43818874942894     
   201.000000000000       -8.44070317680025     
   202.000000000000       -8.44346440506100     
   203.000000000000       -8.44645163183197     
   204.000000000000       -8.44964086909720     
   205.000000000000       -8.45300522932755     
   206.000000000000       -8.45651527414960     
   207.000000000000       -8.46013942050115     
   208.000000000000       -8.46384439794502     
   209.000000000000       -8.46759574964302     
   210.000000000000       -8.47135836844515     
   211.000000000000       -8.47509705864358     
   212.000000000000       -8.47877711319563     
   213.000000000000       -8.48236489564813     
   214.000000000000       -8.48582841561505     
   215.000000000000       -8.48913788647954     
   216.000000000000       -8.49226625402398     
   217.000000000000       -8.49518968494465     
   218.000000000000       -8.49788800468784     
   219.000000000000       -8.50034507475486     
   220.000000000000       -8.50254910056547     
   221.000000000000       -8.50449286213783     
   222.000000000000       -8.50617386122974     
   223.000000000000       -8.50759438017611     
   224.000000000000       -8.50876144942930     
   225.000000000000       -8.50968672273385     
   226.000000000000       -8.51038626090920     
   227.000000000000       -8.51088022732842     
   228.000000000000       -8.51119250031693     
   229.000000000000       -8.51135020979515     
   230.000000000000       -8.51138320748868     
   231.000000000000       -8.51132348186468     
   232.000000000000       -8.51120453055530     
   233.000000000000       -8.51106070433410     
   234.000000000000       -8.51092653765988     
   235.000000000000       -8.51083608134201     
   236.000000000000       -8.51082225297437     
   237.000000000000       -8.51091622040392     
   238.000000000000       -8.51114683263790     
   239.000000000000       -8.51154011126178     
   240.000000000000       -8.51211881366676     
   241.000000000000       -8.51290207722296     
   242.000000000000       -8.51390515105074     
   243.000000000000       -8.51513921932225     
   244.000000000000       -8.51661131716992     
   245.000000000000       -8.51832433739382     
   246.000000000000       -8.52027712336161     
   247.000000000000       -8.52246464089401     
   248.000000000000       -8.52487821963295     
   249.000000000000       -8.52750585249406     
   250.000000000000       -8.53033254038848     
   251.000000000000       -8.53334066851895     
   252.000000000000       -8.53651040024615     
   253.000000000000       -8.53982007479085     
   254.000000000000       -8.54324659586561     
   255.000000000000       -8.54676579967227     
   256.000000000000       -8.55035279248616     
   257.000000000000       -8.55398225018681     
   258.000000000000       -8.55762867447791     
   259.000000000000       -8.56126660305105     
   260.000000000000       -8.56487077346386     
   261.000000000000       -8.56841624290438     
   262.000000000000       -8.57187846818585     
   263.000000000000       -8.57523335216084     
   264.000000000000       -8.57845726418142     
   265.000000000000       -8.58152704320400     
   266.000000000000       -8.58441999261276     
   267.000000000000       -8.58711387580818     
   268.000000000000       -8.58958692109786     
   269.000000000000       -8.59181784348101     
   270.000000000000       -8.59378588960188     
   271.000000000000       -8.59547091054441     
   272.000000000000       -8.59685346534606     
   273.000000000000       -8.59791495622352     
   274.000000000000       -8.59863779462859     
   275.000000000000       -8.59900559548474     
   276.000000000000       -8.59900339537731     
   277.000000000000       -8.59861788915320     
   278.000000000000       -8.59783767837971     
   279.000000000000       -8.59665352444608     
   280.000000000000       -8.59505859877479     
   281.000000000000       -8.59304872263003     
   282.000000000000       -8.59062258933726     
   283.000000000000       -8.58778196231476     
   284.000000000000       -8.58453184310750     
   285.000000000000       -8.58088060454116     
   286.000000000000       -8.57684008511385     
   287.000000000000       -8.57242564175206     
   288.000000000000       -8.56765615901883     
   289.000000000000       -8.56255401373261     
   290.000000000000       -8.55714499470290     
   291.000000000000       -8.55145817789793     
   292.000000000000       -8.54552575783057     
   293.000000000000       -8.53938283629514     
   294.000000000000       -8.53306716983673     
   295.000000000000       -8.52661887752323     
   296.000000000000       -8.52008011075804     
   297.000000000000       -8.51349468706452     
   298.000000000000       -8.50690769002852     
   299.000000000000       -8.50036503793843     
   300.000000000000       -8.49391302413385     
   301.000000000000       -8.48759783267455     
   302.000000000000       -8.48146503366400     
   303.000000000000       -8.47555906338748     
   304.000000000000       -8.46992269531666     
   305.000000000000       -8.46459650894427     
   306.000000000000       -8.45961836428742     
   307.000000000000       -8.45502289067350     
   308.000000000000       -8.45084099903634     
   309.000000000000       -8.44709942734224     
   310.000000000000       -8.44382032888524     
   311.000000000000       -8.44102091299884     
   312.000000000000       -8.43871314720362     
   313.000000000000       -8.43690352894131     
   314.000000000000       -8.43559293384756     
   315.000000000000       -8.43477654601918     
   316.000000000000       -8.43444387398521     
   317.000000000000       -8.43457885415635     
   318.000000000000       -8.43516004147864     
   319.000000000000       -8.43616088493345     
   320.000000000000       -8.43755008349055     
   321.000000000000       -8.43929201621260     
   322.000000000000       -8.44134723850212     
   323.000000000000       -8.44367303503639     
   324.000000000000       -8.44622401880162     
   325.000000000000       -8.44895276484468     
   326.000000000000       -8.45181046692678     
   327.000000000000       -8.45474760518229     
   328.000000000000       -8.45771461314320     
   329.000000000000       -8.46066253304884     
   330.000000000000       -8.46354364918010     
   331.000000000000       -8.46631208998390     
   332.000000000000       -8.46892439092965     
   333.000000000000       -8.47134001130827     
   334.000000000000       -8.47352179948763     
   335.000000000000       -8.47543640242707     
   336.000000000000       -8.47705461648359     
   337.000000000000       -8.47835167767762     
   338.000000000000       -8.47930749060485     
   339.000000000000       -8.47990679606467     
   340.000000000000       -8.48013927822338     
   341.000000000000       -8.47999961274252     
   342.000000000000       -8.47948745779169     
   343.000000000000       -8.47860739024628     
   344.000000000000       -8.47736878966302     
   345.000000000000       -8.47578567285085     
   346.000000000000       -8.47387648203244     
   347.000000000000       -8.47166382974103     
   348.000000000000       -8.46917420373470     
   349.000000000000       -8.46643763534790     
   350.000000000000       -8.46348733484716     
   351.000000000000       -8.46035929751752     
   352.000000000000       -8.45709188438005     
   353.000000000000       -8.45372538162488     
   354.000000000000       -8.45030154303244     
   355.000000000000       -8.44686311984004     
   356.000000000000       -8.44345338268146     
   357.000000000000       -8.44011564037329     
   358.000000000000       -8.43689276043251     
   359.000000000000       -8.43382669627485     
   360.000000000000       -8.43095802605388     
   361.000000000000       -8.42832550804829     
   362.000000000000       -8.42596565738386     
   363.000000000000       -8.42391234868305     
   364.000000000000       -8.42219644896789     
   365.000000000000       -8.42084548480236     
   366.000000000000       -8.41988334725209     
   367.000000000000       -8.41933003776940     
   368.000000000000       -8.41920145758985     
   369.000000000000       -8.41950924266382     
   370.000000000000       -8.42026064555802     
   371.000000000000       -8.42145846516167     
   372.000000000000       -8.42310102443747     
   373.000000000000       -8.42518219588369     
   374.000000000000       -8.42769147383635     
   375.000000000000       -8.43061409225217     
   376.000000000000       -8.43393118618380     
   377.000000000000       -8.43761999479504     
   378.000000000000       -8.44165410346687     
   379.000000000000       -8.44600372231118     
   380.000000000000       -8.45063599823131     
   381.000000000000       -8.45551535753234     
   382.000000000000       -8.46060387597451     
   383.000000000000       -8.46586167306068     
   384.000000000000       -8.47124732723338     
   385.000000000000       -8.47671830850995     
   386.000000000000       -8.48223142488983     
   387.000000000000       -8.48774327861367     
   388.000000000000       -8.49321072803622     
   389.000000000000       -8.49859135049527     
   390.000000000000       -8.50384390112978     
   391.000000000000       -8.50892876214234     
   392.000000000000       -8.51380837654226     
   393.000000000000       -8.51844765998379     
   394.000000000000       -8.52281438396971     
   395.000000000000       -8.52687952346955     
   396.000000000000       -8.53061756194868     
   397.000000000000       -8.53400674696057     
   398.000000000000       -8.53702928985625     
   399.000000000000       -8.53967150383596     
   400.000000000000       -8.54192387552290     
   401.000000000000       -8.54378106647500     
   402.000000000000       -8.54524184255104     
   403.000000000000       -8.54630893077667     
   404.000000000000       -8.54698880526613     
   405.000000000000       -8.54729140578007     
   406.000000000000       -8.54722979456428     
   407.000000000000       -8.54681975913380     
   408.000000000000       -8.54607937055240     
   409.000000000000       -8.54502850842158     
   410.000000000000       -8.54368836515104     
   411.000000000000       -8.54208094306181     
   412.000000000000       -8.54022855841184     
   413.000000000000       -8.53815336649052     
   414.000000000000       -8.53587692147943     
   415.000000000000       -8.53341978382196     
   416.000000000000       -8.53080118640514     
   417.000000000000       -8.52803876897856     
   418.000000000000       -8.52514838798141     
   419.000000000000       -8.52214400640318     
   420.000000000000       -8.51903766556356     
   421.000000000000       -8.51583953786952     
   422.000000000000       -8.51255805680647     
   423.000000000000       -8.50920011775667     
   424.000000000000       -8.50577134082164     
   425.000000000000       -8.50227638475137     
   426.000000000000       -8.49871929943646     
   427.000000000000       -8.49510390326312     
   428.000000000000       -8.49143417100830     
   429.000000000000       -8.48771461788249     
   430.000000000000       -8.48395066580600     
   431.000000000000       -8.48014897900005     
   432.000000000000       -8.47631775743781     
   433.000000000000       -8.47246697855576     
   434.000000000000       -8.46860857978863     
   435.000000000000       -8.46475657685517     
   436.000000000000       -8.46092711518222     
   437.000000000000       -8.45713845429672     
   438.000000000000       -8.45341088733338     
   439.000000000000       -8.44976659989888     
   440.000000000000       -8.44622947431699     
   441.000000000000       -8.44282484668256     
   442.000000000000       -8.43957922513090     
   443.000000000000       -8.43651997825622     
   444.000000000000       -8.43367500269048     
   445.000000000000       -8.43107237850562     
   446.000000000000       -8.42874002037421     
   447.000000000000       -8.42670533138428     
   448.000000000000       -8.42499486513354     
   449.000000000000       -8.42363400032264     
   450.000000000000       -8.42264663062318     
   451.000000000000       -8.42205487121550     
   452.000000000000       -8.42187878216508     
   453.000000000000       -8.42213610781728     
   454.000000000000       -8.42284203070406     
   455.000000000000       -8.42400893811648     
   456.000000000000       -8.42564619952757     
   457.000000000000       -8.42775995344712     
   458.000000000000       -8.43035290302667     
   459.000000000000       -8.43342412075951     
   460.000000000000       -8.43696886386568     
   461.000000000000       -8.44097840333015     
   462.000000000000       -8.44543987097454     
   463.000000000000       -8.45033613028694     
   464.000000000000       -8.45564567790776     
   465.000000000000       -8.46134258357581     
   466.000000000000       -8.46739647689627     
   467.000000000000       -8.47377258943401     
   468.000000000000       -8.48043186031798     
   469.000000000000       -8.48733111274584     
   470.000000000000       -8.49442330750725     
   471.000000000000       -8.50165787793094     
   472.000000000000       -8.50898114855965     
   473.000000000000       -8.51633683744435     
   474.000000000000       -8.52366663931782     
   475.000000000000       -8.53091088416295     
   476.000000000000       -8.53800926294666     
   477.000000000000       -8.54490160965714     
   478.000000000000       -8.55152872637325     
   479.000000000000       -8.55783323600719     
   480.000000000000       -8.56376044568361     
   481.000000000000       -8.56925920251797     
   482.000000000000       -8.57428272288455     
   483.000000000000       -8.57878937614673     
   484.000000000000       -8.58274340426661     
   485.000000000000       -8.58611555970311     
   486.000000000000       -8.58888364551348     
   487.000000000000       -8.59103294354389     
   488.000000000000       -8.59255651896499     
   489.000000000000       -8.59345539210630     
   490.000000000000       -8.59373857148566     
   491.000000000000       -8.59342294503424     
   492.000000000000       -8.59253302969701     
   493.000000000000       -8.59110058276151     
   494.000000000000       -8.58916408135461     
   495.000000000000       -8.58676807947534     
   496.000000000000       -8.58396245463704     
   497.000000000000       -8.58080155861560     
   498.000000000000       -8.57734328889457     
   499.000000000000       -8.57364809912043     
   500.000000000000       -8.56977796820181     
   501.000000000000       -8.56579534857832     
   502.000000000000       -8.56176211463440     
   503.000000000000       -8.55773853223026     
   504.000000000000       -8.55378226986604     
   505.000000000000       -8.54994747109445     
   506.000000000000       -8.54628390646476     
   507.000000000000       -8.54283622154286     
   508.000000000000       -8.53964329543830     
   509.000000000000       -8.53673772182213     
   510.000000000000       -8.53414542168716     
   511.000000000000       -8.53188539414343     
   512.000000000000       -8.52996960842180     
   513.000000000000       -8.52840303704902     
   514.000000000000       -8.52718382693689     
   515.000000000000       -8.52630360197648     
   516.000000000000       -8.52574788772896     
   517.000000000000       -8.52549664603687     
   518.000000000000       -8.52552490492359     
   519.000000000000       -8.52580346707257     
   520.000000000000       -8.52629967854448     
   521.000000000000       -8.52697823824917     
   522.000000000000       -8.52780202807567     
   523.000000000000       -8.52873294351715     
   524.000000000000       -8.52973270511187     
   525.000000000000       -8.53076363204086     
   526.000000000000       -8.53178936074638     
   527.000000000000       -8.53277549341333     
   528.000000000000       -8.53369016352547     
   529.000000000000       -8.53450450839317     
   530.000000000000       -8.53519304146283     
   531.000000000000       -8.53573392026727     
   532.000000000000       -8.53610910896424     
   533.000000000000       -8.53630443743996     
   534.000000000000       -8.53630956183323     
   535.000000000000       -8.53611783397688     
   536.000000000000       -8.53572608957927     
   537.000000000000       -8.53513436691686     
   538.000000000000       -8.53434556932625     
   539.000000000000       -8.53336508583790     
   540.000000000000       -8.53220038486338     
   541.000000000000       -8.53086059593110     
   542.000000000000       -8.52935609407452     
   543.000000000000       -8.52769810063888     
   544.000000000000       -8.52589831302736     
   545.000000000000       -8.52396857430661     
   546.000000000000       -8.52192059169511     
   547.000000000000       -8.51976571083268     
   548.000000000000       -8.51751475044739     
   549.000000000000       -8.51517789967208     
   550.000000000000       -8.51276467788992     
   551.000000000000       -8.51028395468140     
   552.000000000000       -8.50774402527244     
   553.000000000000       -8.50515273490960     
   554.000000000000       -8.50251764387193     
   555.000000000000       -8.49984622342019     
   556.000000000000       -8.49714607192328     
   557.000000000000       -8.49442513972086     
   558.000000000000       -8.49169195100040     
   559.000000000000       -8.48895581109433     
   560.000000000000       -8.48622698813586     
   561.000000000000       -8.48351685893456     
   562.000000000000       -8.48083801021624     
   563.000000000000       -8.47820428797685     
   564.000000000000       -8.47563078957482     
   565.000000000000       -8.47313379527058     
   566.000000000000       -8.47073063814427     
   567.000000000000       -8.46843951360936     
   568.000000000000       -8.46627923200899     
   569.000000000000       -8.46426891995445     
   570.000000000000       -8.46242767806077     
   571.000000000000       -8.46077420448128     
   572.000000000000       -8.45932639507333     
   573.000000000000       -8.45810093209021     
   574.000000000000       -8.45711287394550     
   575.000000000000       -8.45637525881371     
   576.000000000000       -8.45589873460550     
   577.000000000000       -8.45569122719690     
   578.000000000000       -8.45575765772671     
   579.000000000000       -8.45609971834677     
   580.000000000000       -8.45671571407338     
   581.000000000000       -8.45760047641279     
   582.000000000000       -8.45874535229543     
   583.000000000000       -8.46013826963422     
   584.000000000000       -8.46176387860291     
   585.000000000000       -8.46360376559055     
   586.000000000000       -8.46563673479970     
   587.000000000000       -8.46783915068288     
   588.000000000000       -8.47018533290365     
   589.000000000000       -8.47264799430475     
   590.000000000000       -8.47519871148734     
   591.000000000000       -8.47780841706209     
   592.000000000000       -8.48044790241867     
   593.000000000000       -8.48308831995769     
   594.000000000000       -8.48570167411040     
   595.000000000000       -8.48826129110003     
   596.000000000000       -8.49074225823520     
   597.000000000000       -8.49312182452465     
   598.000000000000       -8.49537975552341     
   599.000000000000       -8.49749863651904     
   600.000000000000       -8.49946411941008     
   601.000000000000       -8.50126510988214     
   602.000000000000       -8.50289389272774     
   603.000000000000       -8.50434619436285     
   604.000000000000       -8.50562118275323     
   605.000000000000       -8.50672140606737     
   606.000000000000       -8.50765267241395     
   607.000000000000       -8.50842387399629     
   608.000000000000       -8.50904675991987     
   609.000000000000       -8.50953566271712     
   610.000000000000       -8.50990718439885     
   611.000000000000       -8.51017984849451     
   612.000000000000       -8.51037372509188     
   613.000000000000       -8.51051003631488     
   614.000000000000       -8.51061074997112     
   615.000000000000       -8.51069816923977     
   616.000000000000       -8.51079452624325     
   617.000000000000       -8.51092158713754     
   618.000000000000       -8.51110027596193     
   619.000000000000       -8.51135032390778     
   620.000000000000       -8.51168994990698     
   621.000000000000       -8.51213557752004     
   622.000000000000       -8.51270159204993     
   623.000000000000       -8.51340014065404     
   624.000000000000       -8.51424097701850     
   625.000000000000       -8.51523135094319     
   626.000000000000       -8.51637594201649     
   627.000000000000       -8.51767683548612     
   628.000000000000       -8.51913353750740     
   629.000000000000       -8.52074302621317     
   630.000000000000       -8.52249983453529     
   631.000000000000       -8.52439616043442     
   632.000000000000       -8.52642200016958     
   633.000000000000       -8.52856530045130     
   634.000000000000       -8.53081212574638     
   635.000000000000       -8.53314683759912     
   636.000000000000       -8.53555228354887     
   637.000000000000       -8.53800999399625     
   638.000000000000       -8.54050038613279     
   639.000000000000       -8.54300297473145     
   640.000000000000       -8.54549659013615     
   641.000000000000       -8.54795960413002     
   642.000000000000       -8.55037016446411     
   643.000000000000       -8.55270643866427     
   644.000000000000       -8.55494686729989     
   645.000000000000       -8.55707042620961     
   646.000000000000       -8.55905689627128     
   647.000000000000       -8.56088713823536     
   648.000000000000       -8.56254336898214     
   649.000000000000       -8.56400943440039     
   650.000000000000       -8.56527107300857     
   651.000000000000       -8.56631616354182     
   652.000000000000       -8.56713494909509     
   653.000000000000       -8.56772023011762     
   654.000000000000       -8.56806751865550     
   655.000000000000       -8.56817514676696     
   656.000000000000       -8.56804432300076     
   657.000000000000       -8.56767913220779     
   658.000000000000       -8.56708647570386     
   659.000000000000       -8.56627595084100     
   660.000000000000       -8.56525967128029     
   661.000000000000       -8.56405203157438     
   662.000000000000       -8.56266942194027     
   663.000000000000       -8.56112990120089     
   664.000000000000       -8.55945283767625     
   665.000000000000       -8.55765852919867     
   666.000000000000       -8.55576781432027     
   667.000000000000       -8.55380168711062     
   668.000000000000       -8.55178092767147     
   669.000000000000       -8.54972575962619     
   670.000000000000       -8.54765554440625     
   671.000000000000       -8.54558852022556     
   672.000000000000       -8.54354159130503     
   673.000000000000       -8.54153017030739     
   674.000000000000       -8.53956807421089     
   675.000000000000       -8.53766747114149     
   676.000000000000       -8.53583887315355     
   677.000000000000       -8.53409116774335     
   678.000000000000       -8.53243167913193     
   679.000000000000       -8.53086624916723     
   680.000000000000       -8.52939932714772     
   681.000000000000       -8.52803405799879     
   682.000000000000       -8.52677235904007     
   683.000000000000       -8.52561497702751     
   684.000000000000       -8.52456151916180     
   685.000000000000       -8.52361045421332     
   686.000000000000       -8.52275908268527     
   687.000000000000       -8.52200347786058     
   688.000000000000       -8.52133840248398     
   689.000000000000       -8.52075720854415     
   690.000000000000       -8.52025172997584     
   691.000000000000       -8.51981217994863     
   692.000000000000       -8.51942706562314     
   693.000000000000       -8.51908313374461     
   694.000000000000       -8.51876536015405     
   695.000000000000       -8.51845699521533     
   696.000000000000       -8.51813967531230     
   697.000000000000       -8.51779360803459     
   698.000000000000       -8.51739783555264     
   699.000000000000       -8.51693057712536     
   700.000000000000       -8.51636964785332     
   701.000000000000       -8.51569294687357     
   702.000000000000       -8.51487900438115     
   703.000000000000       -8.51390757334827     
   704.000000000000       -8.51276024877407     
   705.000000000000       -8.51142109489435     
   706.000000000000       -8.50987725914120     
   707.000000000000       -8.50811955085922     
   708.000000000000       -8.50614296291324     
   709.000000000000       -8.50394711536980     
   710.000000000000       -8.50153660236952     
   711.000000000000       -8.49892122605271     
   712.000000000000       -8.49611610484436     
   713.000000000000       -8.49314164740034     
   714.000000000000       -8.49002338789529     
   715.000000000000       -8.48679168290759     
   716.000000000000       -8.48348127473565     
   717.000000000000       -8.48013073037285     
   718.000000000000       -8.47678176939787     
   719.000000000000       -8.47347849754579     
   720.000000000000       -8.47026656558409     
   721.000000000000       -8.46719227522993     
   722.000000000000       -8.46430165515149     
   723.000000000000       -8.46163953057659     
   724.000000000000       -8.45924860970201     
   725.000000000000       -8.45716860901094     
   726.000000000000       -8.45543543784538     
   727.000000000000       -8.45408046025622     
   728.000000000000       -8.45312984938985     
   729.000000000000       -8.45260404660684     
   730.000000000000       -8.45251733430346     
   731.000000000000       -8.45287752815696     
   732.000000000000       -8.45368579136392     
   733.000000000000       -8.45493657049381     
   734.000000000000       -8.45661764992325     
   735.000000000000       -8.45871031950964     
   736.000000000000       -8.46118964824300     
   737.000000000000       -8.46402485509323     
   738.000000000000       -8.46717976713564     
   739.000000000000       -8.47061335426176     
   740.000000000000       -8.47428032932225     
   741.000000000000       -8.47813180235040     
   742.000000000000       -8.48211597752373     
   743.000000000000       -8.48617888167994     
   744.000000000000       -8.49026511346348     
   745.000000000000       -8.49431860249814     
   746.000000000000       -8.49828336832877     
   747.000000000000       -8.50210426923524     
   748.000000000000       -8.50572773138743     
   749.000000000000       -8.50910244918843     
   750.000000000000       -8.51218004805997     
   751.000000000000       -8.51491570137928     
   752.000000000000       -8.51726869380756     
   753.000000000000       -8.51920292387747     
   754.000000000000       -8.52068733945392     
   755.000000000000       -8.52169630055865     
   756.000000000000       -8.52220986506182     
   757.000000000000       -8.52221399388283     
   758.000000000000       -8.52170067359371     
   759.000000000000       -8.52066795565131     
   760.000000000000       -8.51911991286417     
   761.000000000000       -8.51706651508267     
   762.000000000000       -8.51452342744150     
   763.000000000000       -8.51151173573447     
   764.000000000000       -8.50805760462087     
   765.000000000000       -8.50419187531315     
   766.000000000000       -8.49994961014944     
   767.000000000000       -8.49536959199586     
   768.000000000000       -8.49049378674665     
   769.000000000000       -8.48536677730394     
   770.000000000000       -8.48003517734150     
   771.000000000000       -8.47454703291762     
   772.000000000000       -8.46895121963746     
   773.000000000000       -8.46329684261544     
   774.000000000000       -8.45763264599523     
   775.000000000000       -8.45200643828821     
   776.000000000000       -8.44646453932535     
   777.000000000000       -8.44105125420734     
   778.000000000000       -8.43580837930009     
   779.000000000000       -8.43077474506184     
   780.000000000000       -8.42598580029571     
   781.000000000000       -8.42147324228011     
   782.000000000000       -8.41726469711080     
   783.000000000000       -8.41338345445608     
   784.000000000000       -8.40984826074225     
   785.000000000000       -8.40667317450818     
   786.000000000000       -8.40386748725735     
   787.000000000000       -8.40143571256029     
   788.000000000000       -8.39937764539658     
   789.000000000000       -8.39768849276073     
   790.000000000000       -8.39635907539185     
   791.000000000000       -8.39537609913850     
   792.000000000000       -8.39472249296790     
   793.000000000000       -8.39437780901622     
   794.000000000000       -8.39431867841058     
   795.000000000000       -8.39451931493864     
   796.000000000000       -8.39495205707127     
   797.000000000000       -8.39558793743138     
   798.000000000000       -8.39639726762295     
   799.000000000000       -8.39735022545628     
   800.000000000000       -8.39841743108939     
   801.000000000000       -8.39957049849854     
   802.000000000000       -8.40078254902497     
   803.000000000000       -8.40202867453626     
   804.000000000000       -8.40328633898187     
   805.000000000000       -8.40453570879166     
   806.000000000000       -8.40575990461702     
   807.000000000000       -8.40694516928423     
   808.000000000000       -8.40808094944018     
   809.000000000000       -8.40915989112691     
   810.000000000000       -8.41017775232094     
   811.000000000000       -8.41113323820688     
   812.000000000000       -8.41202776751073     
   813.000000000000       -8.41286518048969     
   814.000000000000       -8.41365140106284     
   815.000000000000       -8.41439406698451     
   816.000000000000       -8.41510214284012     
   817.000000000000       -8.41578553093598     
   818.000000000000       -8.41645469483401     
   819.000000000000       -8.41712030935380     
   820.000000000000       -8.41779294935537     
   821.000000000000       -8.41848282758155     
   822.000000000000       -8.41919958936121     
   823.000000000000       -8.41995216915475     
   824.000000000000       -8.42074871088277     
   825.000000000000       -8.42159655085265     
   826.000000000000       -8.42250225902639     
   827.000000000000       -8.42347173150053     
   828.000000000000       -8.42451032452981     
   829.000000000000       -8.42562301834839     
   830.000000000000       -8.42681459752659     
   831.000000000000       -8.42808983373195     
   832.000000000000       -8.42945365659063     
   833.000000000000       -8.43091129888756     
   834.000000000000       -8.43246840358726     
   835.000000000000       -8.43413108205234     
   836.000000000000       -8.43590591530043     
   837.000000000000       -8.43779989306333     
   838.000000000000       -8.43982028865802     
   839.000000000000       -8.44197447109586     
   840.000000000000       -8.44426965927938     
   841.000000000000       -8.44671262640105     
   842.000000000000       -8.44930936560314     
   843.000000000000       -8.45206473043821     
   844.000000000000       -8.45498206555807     
   845.000000000000       -8.45806284425980     
   846.000000000000       -8.46130632996343     
   847.000000000000       -8.46470927835881     
   848.000000000000       -8.46826569584615     
   849.000000000000       -8.47196666805049     
   850.000000000000       -8.47580026969428     
   851.000000000000       -8.47975156407354     
   852.000000000000       -8.48380269693762     
   853.000000000000       -8.48793308587269     
   854.000000000000       -8.49211970249943     
   855.000000000000       -8.49633744108362     
   856.000000000000       -8.50055956368545     
   857.000000000000       -8.50475820889034     
   858.000000000000       -8.50890494860080     
   859.000000000000       -8.51297137543020     
   860.000000000000       -8.51692970200289     
   861.000000000000       -8.52075335297319     
   862.000000000000       -8.52441753084050     
   863.000000000000       -8.52789973763592     
   864.000000000000       -8.53118023623441     
   865.000000000000       -8.53424243732428     
   866.000000000000       -8.53707320083739     
   867.000000000000       -8.53966304378810     
   868.000000000000       -8.54200624984824     
   869.000000000000       -8.54410087946254     
   870.000000000000       -8.54594868273910     
   871.000000000000       -8.54755492060187     
   872.000000000000       -8.54892810264087     
   873.000000000000       -8.55007965263747     
   874.000000000000       -8.55102351478795     
   875.000000000000       -8.55177571513765     
   876.000000000000       -8.55235389363143     
   877.000000000000       -8.55277682247080     
   878.000000000000       -8.55306392615729     
   879.000000000000       -8.55323481773047     
   880.000000000000       -8.55330886433473     
   881.000000000000       -8.55330479344769     
   882.000000000000       -8.55324034896280     
   883.000000000000       -8.55313200394113     
   884.000000000000       -8.55299473433638     
   885.000000000000       -8.55284185546112     
   886.000000000000       -8.55268492050354     
   887.000000000000       -8.55253367812003     
   888.000000000000       -8.55239608410414     
   889.000000000000       -8.55227836043867     
   890.000000000000       -8.55218509372843     
   891.000000000000       -8.55211936412306     
   892.000000000000       -8.55208289538874     
   893.000000000000       -8.55207621677107     
   894.000000000000       -8.55209882768828     
   895.000000000000       -8.55214935706464     
   896.000000000000       -8.55222571020585     
   897.000000000000       -8.55232519746444     
   898.000000000000       -8.55244464047098     
   899.000000000000       -8.55258045333537     
   900.000000000000       -8.55272869787204     
   901.000000000000       -8.55288511349445     
   902.000000000000       -8.55304512388517     
   903.000000000000       -8.55320382381678     
   904.000000000000       -8.55335595052026     
   905.000000000000       -8.55349584473874     
   906.000000000000       -8.55361740703839     
   907.000000000000       -8.55371405507098     
   908.000000000000       -8.55377868730116     
   909.000000000000       -8.55380365825035     
   910.000000000000       -8.55378076960326     
   911.000000000000       -8.55370128062064     
   912.000000000000       -8.55355594025673     
   913.000000000000       -8.55333504225280     
   914.000000000000       -8.55302850333015     
   915.000000000000       -8.55262596349696     
   916.000000000000       -8.55211690646947     
   917.000000000000       -8.55149079733606     
   918.000000000000       -8.55073723390204     
   919.000000000000       -8.54984610766840     
   920.000000000000       -8.54880777013589     
   921.000000000000       -8.54761320008393     
   922.000000000000       -8.54625416764305     
   923.000000000000       -8.54472339133477     
   924.000000000000       -8.54301468475983     
   925.000000000000       -8.54112309023489     
   926.000000000000       -8.53904499736042     
   927.000000000000       -8.53677824520200     
   928.000000000000       -8.53432220743455     
   929.000000000000       -8.53167786039160     
   930.000000000000       -8.52884783444195     
   931.000000000000       -8.52583644945751     
   932.000000000000       -8.52264973531998     
   933.000000000000       -8.51929543843848     
   934.000000000000       -8.51578301511983     
   935.000000000000       -8.51212361236952     
   936.000000000000       -8.50833003633366     
   937.000000000000       -8.50441670815912     
   938.000000000000       -8.50039960659598     
   939.000000000000       -8.49629619624100     
   940.000000000000       -8.49212533997117     
   941.000000000000       -8.48790719388704     
   942.000000000000       -8.48366308301513     
   943.000000000000       -8.47941535613396     
   944.000000000000       -8.47518721840871     
   945.000000000000       -8.47100254104668     
   946.000000000000       -8.46688564791014     
   947.000000000000       -8.46286107992042     
   948.000000000000       -8.45895333911963     
   949.000000000000       -8.45518661537526     
   950.000000000000       -8.45158449986115     
   951.000000000000       -8.44816969056121     
   952.000000000000       -8.44496369605619     
   953.000000000000       -8.44198654470142     
   954.000000000000       -8.43925650692776     
   955.000000000000       -8.43678983874585     
   956.000000000000       -8.43460055456599     
   957.000000000000       -8.43270023713592     
   958.000000000000       -8.43109789173593     
   959.000000000000       -8.42979985076015     
   960.000000000000       -8.42880973347808     
   961.000000000000       -8.42812846414816     
   962.000000000000       -8.42775434980071     
   963.000000000000       -8.42768321698445     
   964.000000000000       -8.42790860465712     
   965.000000000000       -8.42842200827768     
   966.000000000000       -8.42921316811324     
   967.000000000000       -8.43027039289456     
   968.000000000000       -8.43158090832377     
   969.000000000000       -8.43313121863432     
   970.000000000000       -8.43490746849243     
   971.000000000000       -8.43689579206767     
   972.000000000000       -8.43908263612526     
   973.000000000000       -8.44145504452747     
   974.000000000000       -8.44400089257884     
   975.000000000000       -8.44670906119273     
   976.000000000000       -8.44956954285929     
   977.000000000000       -8.45257347379976     
   978.000000000000       -8.45571308942587     
   979.000000000000       -8.45898160319294     
   980.000000000000       -8.46237301203786     
   981.000000000000       -8.46588183471089     
   982.000000000000       -8.46950279232241     
   983.000000000000       -8.47323044320681     
   984.000000000000       -8.47705878663518     
   985.000000000000       -8.48098085187272     
   986.000000000000       -8.48498829047615     
   987.000000000000       -8.48907099047902     
   988.000000000000       -8.49321673116030     
   989.000000000000       -8.49741089640184     
   990.000000000000       -8.50163626320968     
   991.000000000000       -8.50587287983128     
   992.000000000000       -8.51009804510405     
   993.000000000000       -8.51428639730858     
   994.000000000000       -8.51841011698785     
   995.000000000000       -8.52243924406990     
   996.000000000000       -8.52634210535045     
   997.000000000000       -8.53008584412052     
   998.000000000000       -8.53363703963094     
   999.000000000000       -8.53696240033653     
   1000.00000000000       -8.54002951161235     
   1001.00000000000       -8.54280761601679     
   1002.00000000000       -8.54526840230426     
   1003.00000000000       -8.54738677834287     
   1004.00000000000       -8.54914160291933     
   1005.00000000000       -8.55051635212547     
   1006.00000000000       -8.55149969759547     
   1007.00000000000       -8.55208597624320     
   1008.00000000000       -8.55227553424544     
   1009.00000000000       -8.55207493171452     
   1010.00000000000       -8.55149699866631     
   1011.00000000000       -8.55056073736470     
   1012.00000000000       -8.54929107075180     
   1013.00000000000       -8.54771844129334     
   1014.00000000000       -8.54587826902371     
   1015.00000000000       -8.54381028172048     
   1016.00000000000       -8.54155773384366     
   1017.00000000000       -8.53916653403191     
   1018.00000000000       -8.53668430346835     
   1019.00000000000       -8.53415938925309     
   1020.00000000000       -8.53163985800817     
   1021.00000000000       -8.52917249528571     
   1022.00000000000       -8.52680183595892     
   1023.00000000000       -8.52456924968673     
   1024.00000000000       -8.52251210380469     
   1025.00000000000       -8.52066302367860     
   1026.00000000000       -8.51904926774519     
   1027.00000000000       -8.51769223124656     
   1028.00000000000       -8.51660708914317     
   1029.00000000000       -8.51580258496555     
   1030.00000000000       -8.51528096854284     
   1031.00000000000       -8.51503808173019     
   1032.00000000000       -8.51506358754632     
   1033.00000000000       -8.51534133462154     
   1034.00000000000       -8.51584984563240     
   1035.00000000000       -8.51656291553845     
   1036.00000000000       -8.51745030300593     
   1037.00000000000       -8.51847849645756     
   1038.00000000000       -8.51961153476637     
   1039.00000000000       -8.52081186174243     
   1040.00000000000       -8.52204119325459     
   1041.00000000000       -8.52326137608260     
   1042.00000000000       -8.52443521838840     
   1043.00000000000       -8.52552727299588     
   1044.00000000000       -8.52650455643007     
   1045.00000000000       -8.52733718882894     
   1046.00000000000       -8.52799894233661     
   1047.00000000000       -8.52846768833587     
   1048.00000000000       -8.52872573680003     
   1049.00000000000       -8.52876006404990     
   1050.00000000000       -8.52856242820701     
   1051.00000000000       -8.52812937455230     
   1052.00000000000       -8.52746213575178     
   1053.00000000000       -8.52656643442353     
   1054.00000000000       -8.52545219773131     
   1055.00000000000       -8.52413319554449     
   1056.00000000000       -8.52262661516327     
   1057.00000000000       -8.52095258664284     
   1058.00000000000       -8.51913367334664     
   1059.00000000000       -8.51719434251543     
   1060.00000000000       -8.51516043036694     
   1061.00000000000       -8.51305861556418     
   1062.00000000000       -8.51091591384307     
   1063.00000000000       -8.50875920521499     
   1064.00000000000       -8.50661480351042     
   1065.00000000000       -8.50450807616251     
   1066.00000000000       -8.50246312010765     
   1067.00000000000       -8.50050249756941     
   1068.00000000000       -8.49864703335851     
   1069.00000000000       -8.49691567323171     
   1070.00000000000       -8.49532540086821     
   1071.00000000000       -8.49389120920501     
   1072.00000000000       -8.49262612027436     
   1073.00000000000       -8.49154124635446     
   1074.00000000000       -8.49064588421779     
   1075.00000000000       -8.48994763356645     
   1076.00000000000       -8.48945253040189     
   1077.00000000000       -8.48916518609025     
   1078.00000000000       -8.48908892325328     
   1079.00000000000       -8.48922590031796     
   1080.00000000000       -8.48957721756958     
   1081.00000000000       -8.49014299883158     
   1082.00000000000       -8.49092244439315     
   1083.00000000000       -8.49191385246222     
   1084.00000000000       -8.49311460817494     
   1085.00000000000       -8.49452114097189     
   1086.00000000000       -8.49612885288748     
   1087.00000000000       -8.49793202192128     
   1088.00000000000       -8.49992368610455     
   1089.00000000000       -8.50209551508166     
   1090.00000000000       -8.50443767694724     
   1091.00000000000       -8.50693870867642     
   1092.00000000000       -8.50958539873485     
   1093.00000000000       -8.51236269034756     
   1094.00000000000       -8.51525361344699     
   1095.00000000000       -8.51823925253206     
   1096.00000000000       -8.52129875658604     
   1097.00000000000       -8.52440939586916     
   1098.00000000000       -8.52754666887802     
   1099.00000000000       -8.53068446111272     
   1100.00000000000       -8.53379525558099     
   1101.00000000000       -8.53685039326467     
   1102.00000000000       -8.53982038014221     
   1103.00000000000       -8.54267523586136     
   1104.00000000000       -8.54538487783818     
   1105.00000000000       -8.54791953346297     
   1106.00000000000       -8.55025017224878     
   1107.00000000000       -8.55234894917845     
   1108.00000000000       -8.55418965019753     
   1109.00000000000       -8.55574813075243     
   1110.00000000000       -8.55700273847091     
   1111.00000000000       -8.55793471149788     
   1112.00000000000       -8.55852854460347     
   1113.00000000000       -8.55877231593730     
   1114.00000000000       -8.55865796817705     
   1115.00000000000       -8.55818153877514     
   1116.00000000000       -8.55734333501348     
   1117.00000000000       -8.55614805060182     
   1118.00000000000       -8.55460482157749     
   1119.00000000000       -8.55272722026336     
   1120.00000000000       -8.55053318700113     
   1121.00000000000       -8.54804490028954     
   1122.00000000000       -8.54528858681348     
   1123.00000000000       -8.54229427364847     
   1124.00000000000       -8.53909548566229     
   1125.00000000000       -8.53572889181313     
   1126.00000000000       -8.53223390466150     
   1127.00000000000       -8.52865223797328     
   1128.00000000000       -8.52502742779481     
   1129.00000000000       -8.52140432282990     
   1130.00000000000       -8.51782855034403     
   1131.00000000000       -8.51434596416533     
   1132.00000000000       -8.51100208164505     
   1133.00000000000       -8.50784151668478     
   1134.00000000000       -8.50490741613309     
   1135.00000000000       -8.50224090700009     
   1136.00000000000       -8.49988056203344     
   1137.00000000000       -8.49786189123868     
   1138.00000000000       -8.49621686690471     
   1139.00000000000       -8.49497348960249     
   1140.00000000000       -8.49415540244874     
   1141.00000000000       -8.49378156065315     
   1142.00000000000       -8.49386596297796     
   1143.00000000000       -8.49441745121689     
   1144.00000000000       -8.49543958312471     
   1145.00000000000       -8.49693058338623     
   1146.00000000000       -8.49888337618706     
   1147.00000000000       -8.50128570173469     
   1148.00000000000       -8.50412031767499     
   1149.00000000000       -8.50736528476797     
   1150.00000000000       -8.51099433444768     
   1151.00000000000       -8.51497731402831     
   1152.00000000000       -8.51928070337583     
   1153.00000000000       -8.52386819489872     
   1154.00000000000       -8.52870132678789     
   1155.00000000000       -8.53374015762761     
   1156.00000000000       -8.53894396888455     
   1157.00000000000       -8.54427198043687     
   1158.00000000000       -8.54968406330657     
   1159.00000000000       -8.55514143316987     
   1160.00000000000       -8.56060730809962     
   1161.00000000000       -8.56604751437794     
   1162.00000000000       -8.57143102512806     
   1163.00000000000       -8.57673041794974     
   1164.00000000000       -8.58192223968144     
   1165.00000000000       -8.58698726880642     
   1166.00000000000       -8.59191066880366     
   1167.00000000000       -8.59668202882909     
   1168.00000000000       -8.60129529139590     
   1169.00000000000       -8.60574857008717     
   1170.00000000000       -8.61004386365720     
   1171.00000000000       -8.61418667603373     
   1172.00000000000       -8.61818555459916     
   1173.00000000000       -8.62205156159300     
   1174.00000000000       -8.62579769543951     
   1175.00000000000       -8.62943828018694     
   1176.00000000000       -8.63298834198838     
   1177.00000000000       -8.63646299163179     
   1178.00000000000       -8.63987683153251     
   1179.00000000000       -8.64324340436289     
   1180.00000000000       -8.64657469866203     
   1181.00000000000       -8.64988072442244     
   1182.00000000000       -8.65316916888838     
   1183.00000000000       -8.65644513974044     
   1184.00000000000       -8.65971099961019     
   1185.00000000000       -8.66296629260356     
   1186.00000000000       -8.66620776034493     
   1187.00000000000       -8.66942944211550     
   1188.00000000000       -8.67262285106318     
   1189.00000000000       -8.67577721630645     
   1190.00000000000       -8.67887977911422     
   1191.00000000000       -8.68191613026958     
   1192.00000000000       -8.68487057523664     
   1193.00000000000       -8.68772651384100     
   1194.00000000000       -8.69046682180986     
   1195.00000000000       -8.69307422263860     
   1196.00000000000       -8.69553163977371     
   1197.00000000000       -8.69782252092972     
   1198.00000000000       -8.69993112838022     
   1199.00000000000       -8.70184279116374     
   1200.00000000000       -8.70354411721269     
   1201.00000000000       -8.70502316533892     
   1202.00000000000       -8.70626957870028     
   1203.00000000000       -8.70727468275364     
   1204.00000000000       -8.70803155171568     
   1205.00000000000       -8.70853504817458     
   1206.00000000000       -8.70878184071655     
   1207.00000000000       -8.70877040427066     
   1208.00000000000       -8.70850100737429     
   1209.00000000000       -8.70797568978003     
   1210.00000000000       -8.70719823283702     
   1211.00000000000       -8.70617412397268     
   1212.00000000000       -8.70491051546048     
   1213.00000000000       -8.70341617657781     
   1214.00000000000       -8.70170143731354     
   1215.00000000000       -8.69977812105038     
   1216.00000000000       -8.69765946317775     
   1217.00000000000       -8.69536001242249     
   1218.00000000000       -8.69289551183748     
   1219.00000000000       -8.69028275685677     
   1220.00000000000       -8.68753942858847     
   1221.00000000000       -8.68468390153269     
   1222.00000000000       -8.68173502612392     
   1223.00000000000       -8.67871188783819     
   1224.00000000000       -8.67563354599853     
   1225.00000000000       -8.67251875677790     
   1226.00000000000       -8.66938568615904     
   1227.00000000000       -8.66625161969116     
   1228.00000000000       -8.66313267671992     
   1229.00000000000       -8.66004353730779     
   1230.00000000000       -8.65699719026715     
   1231.00000000000       -8.65400471057962     
   1232.00000000000       -8.65107507396394     
   1233.00000000000       -8.64821501549739     
   1234.00000000000       -8.64542893801804     
   1235.00000000000       -8.64271887458180     
   1236.00000000000       -8.64008450757414     
   1237.00000000000       -8.63752324524733     
   1238.00000000000       -8.63503035454169     
   1239.00000000000       -8.63259914713042     
   1240.00000000000       -8.63022121377770     
   1241.00000000000       -8.62788670039366     
   1242.00000000000       -8.62558461767598     
   1243.00000000000       -8.62330317500719     
   1244.00000000000       -8.62103012837868     
   1245.00000000000       -8.61875313157793     
   1246.00000000000       -8.61646007972649     
   1247.00000000000       -8.61413943450533     
   1248.00000000000       -8.61178052104670     
   1249.00000000000       -8.60937378748727     
   1250.00000000000       -8.60691101953327     
   1251.00000000000       -8.60438550403638     
   1252.00000000000       -8.60179213746057     
   1253.00000000000       -8.59912747716458     
   1254.00000000000       -8.59638973555493     
   1255.00000000000       -8.59357871929828     
   1256.00000000000       -8.59069571783415     
   1257.00000000000       -8.58774334731679     
   1258.00000000000       -8.58472535775982     
   1259.00000000000       -8.58164641248906     
   1260.00000000000       -8.57851184996844     
   1261.00000000000       -8.57532743860866     
   1262.00000000000       -8.57209913526906     
   1263.00000000000       -8.56883285781498     
   1264.00000000000       -8.56553428130438     
   1265.00000000000       -8.56220866618407     
   1266.00000000000       -8.55886072532577     
   1267.00000000000       -8.55549453489568     
   1268.00000000000       -8.55211349201034     
   1269.00000000000       -8.54872031997857     
   1270.00000000000       -8.54531711976483     
   1271.00000000000       -8.54190546423182     
   1272.00000000000       -8.53848652982714     
   1273.00000000000       -8.53506125875530     
   1274.00000000000       -8.53163054339782     
   1275.00000000000       -8.52819542386268     
   1276.00000000000       -8.52475728909781     
   1277.00000000000       -8.52131807200109     
   1278.00000000000       -8.51788042939283     
   1279.00000000000       -8.51444789855062     
   1280.00000000000       -8.51102502319061     
   1281.00000000000       -8.50761744324204     
   1282.00000000000       -8.50423194442199     
   1283.00000000000       -8.50087646538704     
   1284.00000000000       -8.49756006202474     
   1285.00000000000       -8.49429283016383     
   1286.00000000000       -8.49108578954947     
   1287.00000000000       -8.48795073327874     
   1288.00000000000       -8.48490004797521     
   1289.00000000000       -8.48194651076379     
   1290.00000000000       -8.47910306957677     
   1291.00000000000       -8.47638261348353     
   1292.00000000000       -8.47379773961338     
   1293.00000000000       -8.47136052286953     
   1294.00000000000       -8.46908229406202     
   1295.00000000000       -8.46697343137274     
   1296.00000000000       -8.46504316926601     
   1297.00000000000       -8.46329942812751     
   1298.00000000000       -8.46174866710676     
   1299.00000000000       -8.46039576189195     
   1300.00000000000       -8.45924390849415     
   1301.00000000000       -8.45829455357712     
   1302.00000000000       -8.45754735144304     
   1303.00000000000       -8.45700014746789     
   1304.00000000000       -8.45664898755209     
   1305.00000000000       -8.45648815298777     
   1306.00000000000       -8.45651022001154     
   1307.00000000000       -8.45670614317895     
   1308.00000000000       -8.45706536153244     
   1309.00000000000       -8.45757592631511     
   1310.00000000000       -8.45822464869031     
   1311.00000000000       -8.45899726555616     
   1312.00000000000       -8.45987862110064     
   1313.00000000000       -8.46085286124280     
   1314.00000000000       -8.46190363757903     
   1315.00000000000       -8.46301431693513     
   1316.00000000000       -8.46416819216106     
   1317.00000000000       -8.46534868943969     
   1318.00000000000       -8.46653956716159     
   1319.00000000000       -8.46772510138295     
   1320.00000000000       -8.46889025306743     
   1321.00000000000       -8.47002081273194     
   1322.00000000000       -8.47110351877877     
   1323.00000000000       -8.47212614668779     
   1324.00000000000       -8.47307756733592     
   1325.00000000000       -8.47394777396012     
   1326.00000000000       -8.47472787862666     
   1327.00000000000       -8.47541008044122     
   1328.00000000000       -8.47598760905452     
   1329.00000000000       -8.47645464820557     
   1330.00000000000       -8.47680624502173     
   1331.00000000000       -8.47703821149305     
   1332.00000000000       -8.47714702490093     
   1333.00000000000       -8.47712973397072     
   1334.00000000000       -8.47698387711762     
   1335.00000000000       -8.47670741837203     
   1336.00000000000       -8.47629870543468     
   1337.00000000000       -8.47575645287885     
   1338.00000000000       -8.47507975186092     
   1339.00000000000       -8.47426810591388     
   1340.00000000000       -8.47332149058448     
   1341.00000000000       -8.47224043294367     
   1342.00000000000       -8.47102610545754     
   1343.00000000000       -8.46968042745441     
   1344.00000000000       -8.46820616654608     
   1345.00000000000       -8.46660703192257     
   1346.00000000000       -8.46488775147982     
   1347.00000000000       -8.46305412526932     
   1348.00000000000       -8.46111304875965     
   1349.00000000000       -8.45907250082478     
   1350.00000000000       -8.45694149314952     
   1351.00000000000       -8.45472997977172     
   1352.00000000000       -8.45244872765081     
   1353.00000000000       -8.45010915134039     
   1354.00000000000       -8.44772311692169     
   1355.00000000000       -8.44530272220483     
   1356.00000000000       -8.44286006171681     
   1357.00000000000       -8.44040698607841     
   1358.00000000000       -8.43795486596196     
   1359.00000000000       -8.43551437087959     
   1360.00000000000       -8.43309527256987     
   1361.00000000000       -8.43070628175228     
   1362.00000000000       -8.42835492555570     
   1363.00000000000       -8.42604747107537     
   1364.00000000000       -8.42378889837128     
   1365.00000000000       -8.42158292390101     
   1366.00000000000       -8.41943207300361     
   1367.00000000000       -8.41733779773857     
   1368.00000000000       -8.41530063425282     
   1369.00000000000       -8.41332039200258     
   1370.00000000000       -8.41139636568356     
   1371.00000000000       -8.40952755968828     
   1372.00000000000       -8.40771291435599     
   1373.00000000000       -8.40595152322500     
   1374.00000000000       -8.40424283093256     
   1375.00000000000       -8.40258680230119     
   1376.00000000000       -8.40098405445235     
   1377.00000000000       -8.39943594542803     
   1378.00000000000       -8.39794461469908     
   1379.00000000000       -8.39651297300458     
   1380.00000000000       -8.39514464110794     
   1381.00000000000       -8.39384383918222     
   1382.00000000000       -8.39261523056135     
   1383.00000000000       -8.39146372544129     
   1384.00000000000       -8.39039425171817     
   1385.00000000000       -8.38941150145753     
   1386.00000000000       -8.38851966246293     
   1387.00000000000       -8.38772214502996     
   1388.00000000000       -8.38702131422389     
   1389.00000000000       -8.38641823791348     
   1390.00000000000       -8.38591246034318     
   1391.00000000000       -8.38550181026289     
   1392.00000000000       -8.38518225159102     
   1393.00000000000       -8.38494778330795     
   1394.00000000000       -8.38479039380915     
   1395.00000000000       -8.38470007334037     
   1396.00000000000       -8.38466488644183     
   1397.00000000000       -8.38467110459520     
   1398.00000000000       -8.38470339754404     
   1399.00000000000       -8.38474508009002     
   1400.00000000000       -8.38477840959667     
   1401.00000000000       -8.38478492799397     
   1402.00000000000       -8.38474584080495     
   1403.00000000000       -8.38464242463438     
   1404.00000000000       -8.38445645369155     
   1405.00000000000       -8.38417063527998     
   1406.00000000000       -8.38376904378742     
   1407.00000000000       -8.38323754255573     
   1408.00000000000       -8.38256418310355     
   1409.00000000000       -8.38173957151303     
   1410.00000000000       -8.38075719236819     
   1411.00000000000       -8.37961368143685     
   1412.00000000000       -8.37830903930688     
   1413.00000000000       -8.37684677940368     
   1414.00000000000       -8.37523400520880     
   1415.00000000000       -8.37348141304491     
   1416.00000000000       -8.37160321846289     
   1417.00000000000       -8.36961700602974     
   1418.00000000000       -8.36754350413622     
   1419.00000000000       -8.36540628828079     
   1420.00000000000       -8.36323141809760     
   1421.00000000000       -8.36104701513521     
   1422.00000000000       -8.35888279000997     
   1423.00000000000       -8.35676952900420     
   1424.00000000000       -8.35473855140488     
   1425.00000000000       -8.35282114983727     
   1426.00000000000       -8.35104802649644     
   1427.00000000000       -8.34944873848433     
   1428.00000000000       -8.34805116539239     
   1429.00000000000       -8.34688101181711     
   1430.00000000000       -8.34596135665399     
   1431.00000000000       -8.34531225979822     
   1432.00000000000       -8.34495043531511     
   1433.00000000000       -8.34488899827114     
   1434.00000000000       -8.34513729029688     
   1435.00000000000       -8.34570078665230     
   1436.00000000000       -8.34658108516608     
   1437.00000000000       -8.34777597500666     
   1438.00000000000       -8.34927958090729     
   1439.00000000000       -8.35108257629687     
   1440.00000000000       -8.35317245686842     
   1441.00000000000       -8.35553386452231     
   1442.00000000000       -8.35814895041353     
   1443.00000000000       -8.36099776505809     
   1444.00000000000       -8.36405866313852     
   1445.00000000000       -8.36730871080138     
   1446.00000000000       -8.37072408384571     
   1447.00000000000       -8.37428044622662     
   1448.00000000000       -8.37795329969201     
   1449.00000000000       -8.38171829706361     
   1450.00000000000       -8.38555151358700     
   1451.00000000000       -8.38942967282004     
   1452.00000000000       -8.39333032561424     
   1453.00000000000       -8.39723198277552     
   1454.00000000000       -8.40111420388588     
   1455.00000000000       -8.40495764644519     
   1456.00000000000       -8.40874408089030     
   1457.00000000000       -8.41245637811522     
   1458.00000000000       -8.41607847681880     
   1459.00000000000       -8.41959533833023     
   1460.00000000000       -8.42299289650909     
   1461.00000000000       -8.42625800990620     
   1462.00000000000       -8.42937842263692     
   1463.00000000000       -8.43234273940779     
   1464.00000000000       -8.43514041890752     
   1465.00000000000       -8.43776178838701     
   1466.00000000000       -8.44019808077925     
   1467.00000000000       -8.44244149421520     
   1468.00000000000       -8.44448527234247     
   1469.00000000000       -8.44632380250938     
   1470.00000000000       -8.44795272769189     
   1471.00000000000       -8.44936906705787     
   1472.00000000000       -8.45057133931764     
   1473.00000000000       -8.45155968252420     
   1474.00000000000       -8.45233596377419     
   1475.00000000000       -8.45290387232302     
   1476.00000000000       -8.45326898995719     
   1477.00000000000       -8.45343883304704     
   1478.00000000000       -8.45342286150833     
   1479.00000000000       -8.45323245090157     
   1480.00000000000       -8.45288082505589     
   1481.00000000000       -8.45238294788011     
   1482.00000000000       -8.45175537437402     
   1483.00000000000       -8.45101606223346     
   1484.00000000000       -8.45018414680842     
   1485.00000000000       -8.44927968348014     
   1486.00000000000       -8.44832336272874     
   1487.00000000000       -8.44733620422631     
   1488.00000000000       -8.44633923717701     
   1489.00000000000       -8.44535317480127     
   1490.00000000000       -8.44439809130080     
   1491.00000000000       -8.44349310982241     
   1492.00000000000       -8.44265610984902     
   1493.00000000000       -8.44190346207885     
   1494.00000000000       -8.44124979821061     
   1495.00000000000       -8.44070782214633     
   1496.00000000000       -8.44028816797199     
   1497.00000000000       -8.43999930871233     
   1498.00000000000       -8.43984751831559     
   1499.00000000000       -8.43983688765609     
   1500.00000000000       -8.43996939360008     
   1501.00000000000       -8.44024501842429     
   1502.00000000000       -8.44066191516948     
   1503.00000000000       -8.44121661292053     
   1504.00000000000       -8.44190425459161     
   1505.00000000000       -8.44271885862318     
   1506.00000000000       -8.44365359511781     
   1507.00000000000       -8.44470106640074     
   1508.00000000000       -8.44585358181922     
   1509.00000000000       -8.44710341681107     
   1510.00000000000       -8.44844304687965     
   1511.00000000000       -8.44986534809461     
   1512.00000000000       -8.45136375706529     
   1513.00000000000       -8.45293238495742     
   1514.00000000000       -8.45456608198296     
   1515.00000000000       -8.45626045081194     
   1516.00000000000       -8.45801180945080     
   1517.00000000000       -8.45981710621341     
   1518.00000000000       -8.46167379138969     
   1519.00000000000       -8.46357965200233     
   1520.00000000000       -8.46553261755670     
   1521.00000000000       -8.46753054586156     
   1522.00000000000       -8.46957099877760     
   1523.00000000000       -8.47165101810085     
   1524.00000000000       -8.47376691169463     
   1525.00000000000       -8.47591405945547     
   1526.00000000000       -8.47808674776209     
   1527.00000000000       -8.48027803976328     
   1528.00000000000       -8.48247968727545     
   1529.00000000000       -8.48468208826579     
   1530.00000000000       -8.48687429198307     
   1531.00000000000       -8.48904405185994     
   1532.00000000000       -8.49117792444527     
   1533.00000000000       -8.49326141092044     
   1534.00000000000       -8.49527913628850     
   1535.00000000000       -8.49721506016371     
   1536.00000000000       -8.49905271227406     
   1537.00000000000       -8.50077544534509     
   1538.00000000000       -8.50236669795881     
   1539.00000000000       -8.50381026025598     
   1540.00000000000       -8.50509053593063     
   1541.00000000000       -8.50619279479274     
   1542.00000000000       -8.50710341117593     
   1543.00000000000       -8.50781008455997     
   1544.00000000000       -8.50830203988023     
   1545.00000000000       -8.50857020602568     
   1546.00000000000       -8.50860737191374     
   1547.00000000000       -8.50840832021472     
   1548.00000000000       -8.50796993924151     
   1549.00000000000       -8.50729131370131     
   1550.00000000000       -8.50637379492933     
   1551.00000000000       -8.50522105091269     
   1552.00000000000       -8.50383909591171     
   1553.00000000000       -8.50223629885748     
   1554.00000000000       -8.50042336902194     
   1555.00000000000       -8.49841331680308     
   1556.00000000000       -8.49622138692354     
   1557.00000000000       -8.49386496098588     
   1558.00000000000       -8.49136342622611     
   1559.00000000000       -8.48873800751103     
   1560.00000000000       -8.48601156016261     
   1561.00000000000       -8.48320832207161     
   1562.00000000000       -8.48035362476292     
   1563.00000000000       -8.47747356455573     
   1564.00000000000       -8.47459463665446     
   1565.00000000000       -8.47174333683079     
   1566.00000000000       -8.46894573721056     
   1567.00000000000       -8.46622704445992     
   1568.00000000000       -8.46361115026071     
   1569.00000000000       -8.46112018527601     
   1570.00000000000       -8.45877408874007     
   1571.00000000000       -8.45659020628875     
   1572.00000000000       -8.45458292862617     
   1573.00000000000       -8.45276338307416     
   1574.00000000000       -8.45113918897443     
   1575.00000000000       -8.44971428634010     
   1576.00000000000       -8.44848884513806     
   1577.00000000000       -8.44745926020723     
   1578.00000000000       -8.44661823417851     
   1579.00000000000       -8.44595494797294     
   1580.00000000000       -8.44545531563598     
   1581.00000000000       -8.44510231753864     
   1582.00000000000       -8.44487640345770     
   1583.00000000000       -8.44475595484110     
   1584.00000000000       -8.44471779375997     
   1585.00000000000       -8.44473772471229     
   1586.00000000000       -8.44479109461881     
   1587.00000000000       -8.44485335605808     
   1588.00000000000       -8.44490061901725     
   1589.00000000000       -8.44491017715863     
   1590.00000000000       -8.44486099576714     
   1591.00000000000       -8.44473415008203     
   1592.00000000000       -8.44451320454671     
   1593.00000000000       -8.44418452554389     
   1594.00000000000       -8.44373752232855     
   1595.00000000000       -8.44316481304001     
   1596.00000000000       -8.44246231478517     
   1597.00000000000       -8.44162925876747     
   1598.00000000000       -8.44066813323346     
   1599.00000000000       -8.43958455858048     
   1600.00000000000       -8.43838710028894     
   1601.00000000000       -8.43708702640176     
   1602.00000000000       -8.43569801707597     
   1603.00000000000       -8.43423583429260     
   1604.00000000000       -8.43271796015524     
   1605.00000000000       -8.43116321236404     
   1606.00000000000       -8.42959134545161     
   1607.00000000000       -8.42802264623958     
   1608.00000000000       -8.42647753174469     
   1609.00000000000       -8.42497615745042     
   1610.00000000000       -8.42353804347519     
   1611.00000000000       -8.42218172571569     
   1612.00000000000       -8.42092443851924     
   1613.00000000000       -8.41978183483392     
   1614.00000000000       -8.41876774908603     
   1615.00000000000       -8.41789400722785     
   1616.00000000000       -8.41717028747248     
   1617.00000000000       -8.41660403418044     
   1618.00000000000       -8.41620042618489     
   1619.00000000000       -8.41596239954946     
   1620.00000000000       -8.41589072336720     
   1621.00000000000       -8.41598412576200     
   1622.00000000000       -8.41623946579221     
   1623.00000000000       -8.41665194553079     
   1624.00000000000       -8.41721535526989     
   1625.00000000000       -8.41792234363291     
   1626.00000000000       -8.41876470343884     
   1627.00000000000       -8.41973366351011     
   1628.00000000000       -8.42082017629734     
   1629.00000000000       -8.42201519124986     
   1630.00000000000       -8.42330990430896     
   1631.00000000000       -8.42469597474668     
   1632.00000000000       -8.42616570179499     
   1633.00000000000       -8.42771215507259     
   1634.00000000000       -8.42932925465928     
   1635.00000000000       -8.43101179871658     
   1636.00000000000       -8.43275543871913     
   1637.00000000000       -8.43455660454730     
   1638.00000000000       -8.43641238379545     
   1639.00000000000       -8.43832036157399     
   1640.00000000000       -8.44027842873502     
   1641.00000000000       -8.44228456775204     
   1642.00000000000       -8.44433662637321     
   1643.00000000000       -8.44643208960474     
   1644.00000000000       -8.44856786054909     
   1645.00000000000       -8.45074006013003     
   1646.00000000000       -8.45294385481406     
   1647.00000000000       -8.45517332013778     
   1648.00000000000       -8.45742134624605     
   1649.00000000000       -8.45967958981960     
   1650.00000000000       -8.46193847481919     
   1651.00000000000       -8.46418724249153     
   1652.00000000000       -8.46641404916620     
   1653.00000000000       -8.46860610860805     
   1654.00000000000       -8.47074987415085     
   1655.00000000000       -8.47283125458188     
   1656.00000000000       -8.47483585681292     
   1657.00000000000       -8.47674924777939     
   1658.00000000000       -8.47855722775286     
   1659.00000000000       -8.48024610731557     
   1660.00000000000       -8.48180298059039     
   1661.00000000000       -8.48321598789952     
   1662.00000000000       -8.48447456178359     
   1663.00000000000       -8.48556965118985     
   1664.00000000000       -8.48649391957639     
   1665.00000000000       -8.48724191362397     
   1666.00000000000       -8.48781020015502     
   1667.00000000000       -8.48819746969472     
   1668.00000000000       -8.48840460585174     
   1669.00000000000       -8.48843472033596     
   1670.00000000000       -8.48829315397013     
   1671.00000000000       -8.48798744450330     
   1672.00000000000       -8.48752726241625     
   1673.00000000000       -8.48692431624458     
   1674.00000000000       -8.48619222925716     
   1675.00000000000       -8.48534638963830     
   1676.00000000000       -8.48440377664246     
   1677.00000000000       -8.48338276553167     
   1678.00000000000       -8.48230291446152     
   1679.00000000000       -8.48118473684239     
   1680.00000000000       -8.48004946304576     
   1681.00000000000       -8.47891879562465     
   1682.00000000000       -8.47781466243854     
   1683.00000000000       -8.47675897218447     
   1684.00000000000       -8.47577337680492     
   1685.00000000000       -8.47487904504577     
   1686.00000000000       -8.47409645105646     
   1687.00000000000       -8.47344518135746     
   1688.00000000000       -8.47294376275529     
   1689.00000000000       -8.47260951288880     
   1690.00000000000       -8.47245841407924     
   1691.00000000000       -8.47250501008304     
   1692.00000000000       -8.47276232427086     
   1693.00000000000       -8.47324179674491     
   1694.00000000000       -8.47395323702926     
   1695.00000000000       -8.47490478828732     
   1696.00000000000       -8.47610289859579     
   1697.00000000000       -8.47755229467736     
   1698.00000000000       -8.47925595369313     
   1699.00000000000       -8.48121506922814     
   1700.00000000000       -8.48342900845381     
   1701.00000000000       -8.48589525858686     
   1702.00000000000       -8.48860936212701     
   1703.00000000000       -8.49156484187317     
   1704.00000000000       -8.49475311830291     
   1705.00000000000       -8.49816342345525     
   1706.00000000000       -8.50178271688419     
   1707.00000000000       -8.50559561045250     
   1708.00000000000       -8.50958430962570     
   1709.00000000000       -8.51372857943150     
   1710.00000000000       -8.51800574331750     
   1711.00000000000       -8.52239072274016     
   1712.00000000000       -8.52685612444630     
   1713.00000000000       -8.53137238108763     
   1714.00000000000       -8.53590794908679     
   1715.00000000000       -8.54042956562195     
   1716.00000000000       -8.54490256430750     
   1717.00000000000       -8.54929124672667     
   1718.00000000000       -8.55355930453397     
   1719.00000000000       -8.55767028450819     
   1720.00000000000       -8.56158808681670     
   1721.00000000000       -8.56527748495159     
   1722.00000000000       -8.56870465441053     
   1723.00000000000       -8.57183769628685     
   1724.00000000000       -8.57464714155434     
   1725.00000000000       -8.57710642200265     
   1726.00000000000       -8.57919229449418     
   1727.00000000000       -8.58088520644640     
   1728.00000000000       -8.58216959213928     
   1729.00000000000       -8.58303409153584     
   1730.00000000000       -8.58347168569590     
   1731.00000000000       -8.58347974546051     
   1732.00000000000       -8.58305999278164     
   1733.00000000000       -8.58221837676276     
   1734.00000000000       -8.58096486905911     
   1735.00000000000       -8.57931318566730     
   1736.00000000000       -8.57728044423008     
   1737.00000000000       -8.57488676772646     
   1738.00000000000       -8.57215484675813     
   1739.00000000000       -8.56910947354697     
   1740.00000000000       -8.56577706120851     
   1741.00000000000       -8.56218516186388     
   1742.00000000000       -8.55836199671407     
   1743.00000000000       -8.55433601035516     
   1744.00000000000       -8.55013546040435     
   1745.00000000000       -8.54578805198419     
   1746.00000000000       -8.54132062483672     
   1747.00000000000       -8.53675889887152     
   1748.00000000000       -8.53212728186075     
   1749.00000000000       -8.52744874084439     
   1750.00000000000       -8.52274473666852     
   1751.00000000000       -8.51803521901109     
   1752.00000000000       -8.51333867731375     
   1753.00000000000       -8.50867224129049     
   1754.00000000000       -8.50405182317211     
   1755.00000000000       -8.49949229261463     
   1756.00000000000       -8.49500767428099     
   1757.00000000000       -8.49061135752754     
   1758.00000000000       -8.48631630740417     
   1759.00000000000       -8.48213526631607     
   1760.00000000000       -8.47808093619196     
   1761.00000000000       -8.47416613184266     
   1762.00000000000       -8.47040389734819     
   1763.00000000000       -8.46680757874647     
   1764.00000000000       -8.46339084796499     
   1765.00000000000       -8.46016767478529     
   1766.00000000000       -8.45715224559803     
   1767.00000000000       -8.45435882972930     
   1768.00000000000       -8.45180159612837     
   1769.00000000000       -8.44949438513741     
   1770.00000000000       -8.44745044184852     
   1771.00000000000       -8.44568211913519     
   1772.00000000000       -8.44420055976843     
   1773.00000000000       -8.44301536805189     
   1774.00000000000       -8.44213428209916     
   1775.00000000000       -8.44156285820984     
   1776.00000000000       -8.44130417876772     
   1777.00000000000       -8.44135859468655     
   1778.00000000000       -8.44172351267863     
   1779.00000000000       -8.44239323654153     
   1780.00000000000       -8.44335887028186     
   1781.00000000000       -8.44460828925976     
   1782.00000000000       -8.44612618369148     
   1783.00000000000       -8.44789417683940     
   1784.00000000000       -8.44989101810276     
   1785.00000000000       -8.45209284905505     
   1786.00000000000       -8.45447353831020     
   1787.00000000000       -8.45700507899863     
   1788.00000000000       -8.45965804064847     
   1789.00000000000       -8.46240206545437     
   1790.00000000000       -8.46520639732563     
   1791.00000000000       -8.46804043078735     
   1792.00000000000       -8.47087426580736     
   1793.00000000000       -8.47367925397830     
   1794.00000000000       -8.47642852123077     
   1795.00000000000       -8.47909745241824     
   1796.00000000000       -8.48166412371063     
   1797.00000000000       -8.48410966977044     
   1798.00000000000       -8.48641857415244     
   1799.00000000000       -8.48857887324738     
   1800.00000000000       -8.49058226634434     
   1801.00000000000       -8.49242412696534     
   1802.00000000000       -8.49410341346367     
   1803.00000000000       -8.49562247989433     
   1804.00000000000       -8.49698679126890     
   1805.00000000000       -8.49820455039704     
   1806.00000000000       -8.49928624648469     
   1807.00000000000       -8.50024413839604     
   1808.00000000000       -8.50109168788437     
   1809.00000000000       -8.50184296005775     
   1810.00000000000       -8.50251200977971     
   1811.00000000000       -8.50311227354351     
   1812.00000000000       -8.50365598654929     
   1813.00000000000       -8.50415364423062     
   1814.00000000000       -8.50461352632027     
   1815.00000000000       -8.50504129973978     
   1816.00000000000       -8.50543971419789     
   1817.00000000000       -8.50580840146615     
   1818.00000000000       -8.50614378596731     
   1819.00000000000       -8.50643911068135     
   1820.00000000000       -8.50668457857731     
   1821.00000000000       -8.50686760595643     
   1822.00000000000       -8.50697318038391     
   1823.00000000000       -8.50698431243061     
   1824.00000000000       -8.50688256736746     
   1825.00000000000       -8.50664866036591     
   1826.00000000000       -8.50626309674612     
   1827.00000000000       -8.50570683744883     
   1828.00000000000       -8.50496196922427     
   1829.00000000000       -8.50401235904629     
   1830.00000000000       -8.50284427295529     
   1831.00000000000       -8.50144694086913     
   1832.00000000000       -8.49981305081105     
   1833.00000000000       -8.49793915840386     
   1834.00000000000       -8.49582600026947     
   1835.00000000000       -8.49347870303983     
   1836.00000000000       -8.49090688291449     
   1837.00000000000       -8.48812463397139     
   1838.00000000000       -8.48515040663951     
   1839.00000000000       -8.48200678076903     
   1840.00000000000       -8.47872014049538     
   1841.00000000000       -8.47532026051081     
   1842.00000000000       -8.47183981537323     
   1843.00000000000       -8.46831382505601     
   1844.00000000000       -8.46477905105430     
   1845.00000000000       -8.46127335801086     
   1846.00000000000       -8.45783505602137     
   1847.00000000000       -8.45450223855611     
   1848.00000000000       -8.45131213033349     
   1849.00000000000       -8.44830045855128     
   1850.00000000000       -8.44550085968249     
   1851.00000000000       -8.44294433263360     
   1852.00000000000       -8.44065874750406     
   1853.00000000000       -8.43866841753702     
   1854.00000000000       -8.43699374016290     
   1855.00000000000       -8.43565091136075     
   1856.00000000000       -8.43465171593292     
   1857.00000000000       -8.43400339474332     
   1858.00000000000       -8.43370858852849     
   1859.00000000000       -8.43376535657438     
   1860.00000000000       -8.43416726736828     
   1861.00000000000       -8.43490355729190     
   1862.00000000000       -8.43595935251709     
   1863.00000000000       -8.43731594850099     
   1864.00000000000       -8.43895114084551     
   1865.00000000000       -8.44083960078672     
   1866.00000000000       -8.44295328820463     
   1867.00000000000       -8.44526189479271     
   1868.00000000000       -8.44773330989355     
   1869.00000000000       -8.45033410149109     
   1870.00000000000       -8.45303000494763     
   1871.00000000000       -8.45578641228135     
   1872.00000000000       -8.45856885509417     
   1873.00000000000       -8.46134347467251     
   1874.00000000000       -8.46407747328620     
   1875.00000000000       -8.46673954129202     
   1876.00000000000       -8.46930025529152     
   1877.00000000000       -8.47173244328117     
   1878.00000000000       -8.47401151344465     
   1879.00000000000       -8.47611574395064     
   1880.00000000000       -8.47802653181099     
   1881.00000000000       -8.47972859950251     
   1882.00000000000       -8.48121015863835     
   1883.00000000000       -8.48246303047769     
   1884.00000000000       -8.48348272347073     
   1885.00000000000       -8.48426846834538     
   1886.00000000000       -8.48482321145110     
   1887.00000000000       -8.48515356719326     
   1888.00000000000       -8.48526973043112     
   1889.00000000000       -8.48518534969482     
   1890.00000000000       -8.48491736202866     
   1891.00000000000       -8.48448579021725     
   1892.00000000000       -8.48391350313100     
   1893.00000000000       -8.48322593996837     
   1894.00000000000       -8.48245079930298     
   1895.00000000000       -8.48161769408899     
   1896.00000000000       -8.48075777415437     
   1897.00000000000       -8.47990331822847     
   1898.00000000000       -8.47908729820599     
   1899.00000000000       -8.47834291913327     
   1900.00000000000       -8.47770313929149     
   1901.00000000000       -8.47720017571394     
   1902.00000000000       -8.47686500146833     
   1903.00000000000       -8.47672684201344     
   1904.00000000000       -8.47681267884714     
   1905.00000000000       -8.47714676944720     
   1906.00000000000       -8.47775019311002     
   1907.00000000000       -8.47864043266768     
   1908.00000000000       -8.47983100216466     
   1909.00000000000       -8.48133113036875     
   1910.00000000000       -8.48314550945395     
   1911.00000000000       -8.48527411731553     
   1912.00000000000       -8.48771212076703     
   1913.00000000000       -8.49044986534290     
   1914.00000000000       -8.49347295562646     
   1915.00000000000       -8.49676242798650     
   1916.00000000000       -8.50029501539965     
   1917.00000000000       -8.50404350172699     
   1918.00000000000       -8.50797716047943     
   1919.00000000000       -8.51206227082680     
   1920.00000000000       -8.51626270145962     
   1921.00000000000       -8.52054055097755     
   1922.00000000000       -8.52485683182438     
   1923.00000000000       -8.52917218347753     
   1924.00000000000       -8.53344759967964     
   1925.00000000000       -8.53764515400574     
   1926.00000000000       -8.54172870801159     
   1927.00000000000       -8.54566458661053     
   1928.00000000000       -8.54942220616452     
   1929.00000000000       -8.55297464201975     
   1930.00000000000       -8.55629912382589     
   1931.00000000000       -8.55937744889250     
   1932.00000000000       -8.56219630598829     
   1933.00000000000       -8.56474750430515     
   1934.00000000000       -8.56702810470654     
   1935.00000000000       -8.56904045277917     
   1936.00000000000       -8.57079211552773     
   1937.00000000000       -8.57229572572111     
   1938.00000000000       -8.57356873984916     
   1939.00000000000       -8.57463311732758     
   1940.00000000000       -8.57551492995407     
   1941.00000000000       -8.57624391164449     
   1942.00000000000       -8.57685295915328     
   1943.00000000000       -8.57737759481174     
   1944.00000000000       -8.57785540232026     
   1945.00000000000       -8.57832544633834     
   1946.00000000000       -8.57882768607115     
   1947.00000000000       -8.57940239230543     
   1948.00000000000       -8.58008957645391     
   1949.00000000000       -8.58092843918488     
   1950.00000000000       -8.58195684519470     
   1951.00000000000       -8.58321082967713     
   1952.00000000000       -8.58472414109465     
   1953.00000000000       -8.58652782399713     
   1954.00000000000       -8.58864984488138     
   1955.00000000000       -8.59111476345245     
   1956.00000000000       -8.59394345113025     
   1957.00000000000       -8.59715285823223     
   1958.00000000000       -8.60075583093264     
   1959.00000000000       -8.60476097882509     
   1960.00000000000       -8.60917259366667     
   1961.00000000000       -8.61399061962849     
   1962.00000000000       -8.61921067509022     
   1963.00000000000       -8.62482412567014     
   1964.00000000000       -8.63081820776238     
   1965.00000000000       -8.63717620134762     
   1966.00000000000       -8.64387765025593     
   1967.00000000000       -8.65089862739728     
   1968.00000000000       -8.65821204175664     
   1969.00000000000       -8.66578798320081     
   1970.00000000000       -8.67359410039321     
   1971.00000000000       -8.68159600639696     
   1972.00000000000       -8.68975770589834     
   1973.00000000000       -8.69804203743786     
   1974.00000000000       -8.70641112362411     
   1975.00000000000       -8.71482682205221     
   1976.00000000000       -8.72325116957145     
   1977.00000000000       -8.73164681265756     
   1978.00000000000       -8.73997741694578     
   1979.00000000000       -8.74820804946535     
   1980.00000000000       -8.75630552777193     
   1981.00000000000       -8.76423873097984     
   1982.00000000000       -8.77197886862490     
   1983.00000000000       -8.77949970430963     
   1984.00000000000       -8.78677773216153     
   1985.00000000000       -8.79379230523517     
   1986.00000000000       -8.80052571607482     
   1987.00000000000       -8.80696323069028     
   1988.00000000000       -8.81309307815449     
   1989.00000000000       -8.81890639887731     
   1990.00000000000       -8.82439715532592     
   1991.00000000000       -8.82956200952937     
   1992.00000000000       -8.83440017211619     
   1993.00000000000       -8.83891322788337     
   1994.00000000000       -8.84310494298905     
   1995.00000000000       -8.84698105880653     
   1996.00000000000       -8.85054907729081     
   1997.00000000000       -8.85381804240763     
   1998.00000000000       -8.85679832178180     
   1999.00000000000       -8.85950139225885     
   2000.00000000000       -8.86193963256570     
   2001.00000000000       -8.86412612572411     
   2002.00000000000       -8.86607447333619     
   2003.00000000000       -8.86779862334201     
   2004.00000000000       -8.86931271236015     
   2005.00000000000       -8.87063092327427     
   2006.00000000000       -8.87176735833047     
   2007.00000000000       -8.87273592766607     
   2008.00000000000       -8.87355025290238     
   2009.00000000000       -8.87422358520101     
   2010.00000000000       -8.87476873700331     
   2011.00000000000       -8.87519802654116     
   2012.00000000000       -8.87552323411925     
   2013.00000000000       -8.87575556911939     
   2014.00000000000       -8.87590564665925     
   2015.00000000000       -8.87598347284679     
   2016.00000000000       -8.87599843760106     
