 !         2027  data points read in
 ! estimated variance of noise in tvr signal   2.51985433796202     
 ! mean squared difference   0.722824275363122     
   -10.000000    -0.532329    -0.379242
    -9.000000    -0.719005    -0.379242
    -8.000000    -1.021219    -0.379242
    -7.000000    -1.314414    -0.379242
    -6.000000    -1.463337    -0.379242
    -5.000000    -1.383189    -0.379242
    -4.000000    -1.075776    -0.379242
    -3.000000    -0.619068    -0.379242
    -2.000000    -0.133159    -0.379242
    -1.000000     0.248512    -0.379242
     0.000000     0.420734    -0.379242
     1.000000     0.357378    -0.379242
     2.000000     0.115572    -0.379242
     3.000000    -0.208955    -0.379242
     4.000000    -0.517270    -0.379242
     5.000000    -0.713817    -0.379242
     6.000000    -0.731355    -0.379242
     7.000000    -0.571889    -0.379242
     8.000000    -0.308090    -0.379242
     9.000000    -0.042908    -0.379242
    10.000000     0.134809    -0.379242
    11.000000     0.178731    -0.379242
    12.000000     0.103352    -0.379242
    13.000000    -0.026866    -0.379242
    14.000000    -0.143363    -0.379242
    15.000000    -0.216748    -0.379242
    16.000000    -0.269810    -0.379242
    17.000000    -0.357938    -0.379242
    18.000000    -0.526599    -0.379242
    19.000000    -0.760247    -0.379242
    20.000000    -0.973131    -0.379242
    21.000000    -1.069513    -0.379242
    22.000000    -1.018819    -0.379242
    23.000000    -0.863095    -0.379242
    24.000000    -0.664879    -0.379242
    25.000000    -0.460368    -0.379242
    26.000000    -0.253334    -0.379242
    27.000000    -0.034808    -0.379242
    28.000000     0.187900    -0.379242
    29.000000     0.357717    -0.379242
    30.000000     0.356887    -0.379242
    31.000000     0.070521    -0.379242
    32.000000    -0.502792    -0.379242
    33.000000    -1.192923    -0.379242
    34.000000    -1.749657    -0.379242
    35.000000    -2.010458    -0.379242
    36.000000    -1.988816    -0.379242
    37.000000    -1.814675    -0.379242
    38.000000    -1.609595    -0.379242
    39.000000    -1.424867    -0.379242
    40.000000    -1.269949    -0.379242
    41.000000    -1.151040    -0.379242
    42.000000    -1.062955    -0.379242
    43.000000    -0.969738    -0.379242
    44.000000    -0.833673    -0.379242
    45.000000    -0.665262    -0.379242
    46.000000    -0.523171    -0.379242
    47.000000    -0.460040    -0.379242
    48.000000    -0.473202    -0.379242
    49.000000    -0.505841    -0.379242
    50.000000    -0.506840    -0.379242
    51.000000    -0.494208    -0.379242
    52.000000    -0.548440    -0.379242
    53.000000    -0.723152    -0.379242
    54.000000    -0.973809    -0.379242
    55.000000    -1.192403    -0.379242
    56.000000    -1.305916    -0.379242
    57.000000    -1.331337    -0.379242
    58.000000    -1.345894    -0.379242
    59.000000    -1.406159    -0.379242
    60.000000    -1.480574    -0.379242
    61.000000    -1.461031    -0.379242
    62.000000    -1.258208    -0.379242
    63.000000    -0.898702    -0.379242
    64.000000    -0.516819    -0.379242
    65.000000    -0.252724    -0.379242
    66.000000    -0.168996    -0.379242
    67.000000    -0.248091    -0.379242
    68.000000    -0.427317    -0.379242
    69.000000    -0.620029    -0.379242
    70.000000    -0.737960    -0.379242
    71.000000    -0.727081    -0.379242
    72.000000    -0.593526    -0.379242
    73.000000    -0.392443    -0.379242
    74.000000    -0.187487    -0.379242
    75.000000    -0.007850    -0.379242
    76.000000     0.154274    -0.379242
    77.000000     0.297023    -0.379242
    78.000000     0.382834    -0.379242
    79.000000     0.375880    -0.379242
    80.000000     0.290652    -0.379242
    81.000000     0.179233    -0.379242
    82.000000     0.090609    -0.379242
    83.000000     0.054190    -0.379242
    84.000000     0.068332    -0.379242
    85.000000     0.070215    -0.379242
    86.000000    -0.058261    -0.379242
    87.000000    -0.400092    -0.379242
    88.000000    -0.893022    -0.379242
    89.000000    -1.320093    -0.379242
    90.000000    -1.446788    -0.379242
    91.000000    -1.202239    -0.379242
    92.000000    -0.737167    -0.379242
    93.000000    -0.303803    -0.379242
    94.000000    -0.082719    -0.379242
    95.000000    -0.103733    -0.379242
    96.000000    -0.275792    -0.379242
    97.000000    -0.455753    -0.379242
    98.000000    -0.526321    -0.379242
    99.000000    -0.465128    -0.379242
   100.000000    -0.354581    -0.379242
   101.000000    -0.310809    -0.379242
   102.000000    -0.393995    -0.379242
   103.000000    -0.573898    -0.379242
   104.000000    -0.761911    -0.379242
   105.000000    -0.878825    -0.379242
   106.000000    -0.915423    -0.379242
   107.000000    -0.936095    -0.379242
   108.000000    -1.002588    -0.379242
   109.000000    -1.101820    -0.379242
   110.000000    -1.169862    -0.379242
   111.000000    -1.175088    -0.379242
   112.000000    -1.145248    -0.379242
   113.000000    -1.119664    -0.379242
   114.000000    -1.114009    -0.379242
   115.000000    -1.138008    -0.379242
   116.000000    -1.220241    -0.379242
   117.000000    -1.394033    -0.379242
   118.000000    -1.648721    -0.379242
   119.000000    -1.896175    -0.379242
   120.000000    -2.009783    -0.379242
   121.000000    -1.920004    -0.379242
   122.000000    -1.678389    -0.379242
   123.000000    -1.415325    -0.379242
   124.000000    -1.227939    -0.379242
   125.000000    -1.122315    -0.379242
   126.000000    -1.064498    -0.379242
   127.000000    -1.048628    -0.379242
   128.000000    -1.085275    -0.379242
   129.000000    -1.151323    -0.379242
   130.000000    -1.196646    -0.379242
   131.000000    -1.192899    -0.379242
   132.000000    -1.144899    -0.379242
   133.000000    -1.069683    -0.379242
   134.000000    -0.985891    -0.379242
   135.000000    -0.912082    -0.379242
   136.000000    -0.846055    -0.379242
   137.000000    -0.732899    -0.379242
   138.000000    -0.478422    -0.379242
   139.000000    -0.029112    -0.379242
   140.000000     0.543910    -0.379242
   141.000000     1.065181    -0.379242
   142.000000     1.388639    -0.379242
   143.000000     1.514514    -0.379242
   144.000000     1.556064    -0.379242
   145.000000     1.594756    -0.379242
   146.000000     1.589717    -0.379242
   147.000000     1.443228    -0.379242
   148.000000     1.129572    -0.379242
   149.000000     0.724291    -0.379242
   150.000000     0.322120    -0.379242
   151.000000    -0.025905    -0.379242
   152.000000    -0.298272    -0.379242
   153.000000    -0.483569    -0.379242
   154.000000    -0.590906    -0.379242
   155.000000    -0.635849    -0.379242
   156.000000    -0.604993    -0.379242
   157.000000    -0.475950    -0.379242
   158.000000    -0.288345    -0.379242
   159.000000    -0.160857    -0.379242
   160.000000    -0.206791    -0.379242
   161.000000    -0.431072    -0.379242
   162.000000    -0.711009    -0.379242
   163.000000    -0.883404    -0.379242
   164.000000    -0.869566    -0.379242
   165.000000    -0.730171    -0.379242
   166.000000    -0.588680    -0.379242
   167.000000    -0.493953    -0.379242
   168.000000    -0.368619    -0.379242
   169.000000    -0.105074    -0.379242
   170.000000     0.285952    -0.379242
   171.000000     0.629532    -0.379242
   172.000000     0.708782    -0.379242
   173.000000     0.449514    -0.379242
   174.000000    -0.022064    -0.379242
   175.000000    -0.502189    -0.379242
   176.000000    -0.844977    -0.379242
   177.000000    -0.969840    -0.379242
   178.000000    -0.815912    -0.379242
   179.000000    -0.376771    -0.379242
   180.000000     0.220567    -0.379242
   181.000000     0.732783    -0.379242
   182.000000     0.941486    -0.379242
   183.000000     0.799227    -0.379242
   184.000000     0.442085    -0.379242
   185.000000     0.060922    -0.379242
   186.000000    -0.243042    -0.379242
   187.000000    -0.484996    -0.379242
   188.000000    -0.714340    -0.379242
   189.000000    -0.941900    -0.379242
   190.000000    -1.149034    -0.379242
   191.000000    -1.324129    -0.379242
   192.000000    -1.467307    -0.379242
   193.000000    -1.580627    -0.379242
   194.000000    -1.673586    -0.379242
   195.000000    -1.761279    -0.379242
   196.000000    -1.834964    -0.379242
   197.000000    -1.853624    -0.379242
   198.000000    -1.782173    -0.379242
   199.000000    -1.620935    -0.379242
   200.000000    -1.395466    -0.379242
   201.000000    -1.141307    -0.379242
   202.000000    -0.916433    -0.379242
   203.000000    -0.796748    -0.379242
   204.000000    -0.830596    -0.379242
   205.000000    -1.006140    -0.379242
   206.000000    -1.264271    -0.379242
   207.000000    -1.525235    -0.379242
   208.000000    -1.700130    -0.379242
   209.000000    -1.701148    -0.379242
   210.000000    -1.473369    -0.379242
   211.000000    -1.047431    -0.379242
   212.000000    -0.564178    -0.379242
   213.000000    -0.214428    -0.379242
   214.000000    -0.108508    -0.379242
   215.000000    -0.203903    -0.379242
   216.000000    -0.374777    -0.379242
   217.000000    -0.537714    -0.379242
   218.000000    -0.692054    -0.379242
   219.000000    -0.849164    -0.379242
   220.000000    -0.947236    -0.379242
   221.000000    -0.851932    -0.379242
   222.000000    -0.452057    -0.379242
   223.000000     0.220860    -0.379242
   224.000000     0.960704    -0.379242
   225.000000     1.489728    -0.379242
   226.000000     1.628699    -0.379242
   227.000000     1.396731    -0.379242
   228.000000     0.973394    -0.379242
   229.000000     0.569652    -0.379242
   230.000000     0.305282    -0.379242
   231.000000     0.170894    -0.379242
   232.000000     0.079309    -0.379242
   233.000000    -0.055027    -0.379242
   234.000000    -0.279174    -0.379242
   235.000000    -0.602805    -0.379242
   236.000000    -0.990772    -0.379242
   237.000000    -1.370198    -0.379242
   238.000000    -1.671388    -0.379242
   239.000000    -1.862233    -0.379242
   240.000000    -1.928650    -0.379242
   241.000000    -1.853037    -0.379242
   242.000000    -1.636863    -0.379242
   243.000000    -1.324680    -0.379242
   244.000000    -0.975680    -0.379242
   245.000000    -0.620180    -0.379242
   246.000000    -0.268701    -0.379242
   247.000000     0.035063    -0.379242
   248.000000     0.198016    -0.379242
   249.000000     0.152526    -0.379242
   250.000000    -0.066384    -0.379242
   251.000000    -0.337015    -0.379242
   252.000000    -0.527088    -0.379242
   253.000000    -0.528174    -0.379242
   254.000000    -0.262550    -0.379242
   255.000000     0.256515    -0.379242
   256.000000     0.859184    -0.379242
   257.000000     1.274246    -0.379242
   258.000000     1.307385    -0.379242
   259.000000     0.977764    -0.379242
   260.000000     0.479801    -0.379242
   261.000000     0.015161    -0.379242
   262.000000    -0.337867    -0.379242
   263.000000    -0.606070    -0.379242
   264.000000    -0.808835    -0.379242
   265.000000    -0.895687    -0.379242
   266.000000    -0.812998    -0.379242
   267.000000    -0.596807    -0.379242
   268.000000    -0.361628    -0.379242
   269.000000    -0.192773    -0.379242
   270.000000    -0.083508    -0.379242
   271.000000     0.028919    -0.379242
   272.000000     0.195111    -0.379242
   273.000000     0.428634    -0.379242
   274.000000     0.712078    -0.379242
   275.000000     0.996785    -0.379242
   276.000000     1.213579    -0.379242
   277.000000     1.309645    -0.379242
   278.000000     1.288735    -0.379242
   279.000000     1.202025    -0.379242
   280.000000     1.101502    -0.379242
   281.000000     1.020535    -0.379242
   282.000000     0.985940    -0.379242
   283.000000     1.019046    -0.379242
   284.000000     1.104016    -0.379242
   285.000000     1.169142    -0.379242
   286.000000     1.117179    -0.379242
   287.000000     0.894276    -0.379242
   288.000000     0.549386    -0.379242
   289.000000     0.237319    -0.379242
   290.000000     0.143432    -0.379242
   291.000000     0.364302    -0.379242
   292.000000     0.834923    -0.379242
   293.000000     1.355185    -0.379242
   294.000000     1.701176    -0.379242
   295.000000     1.741793    -0.379242
   296.000000     1.495782    -0.379242
   297.000000     1.111347    -0.379242
   298.000000     0.795175    -0.379242
   299.000000     0.713152    -0.379242
   300.000000     0.870256    -0.379242
   301.000000     1.056081    -0.379242
   302.000000     0.965292    -0.379242
   303.000000     0.449068    -0.379242
   304.000000    -0.331436    -0.379242
   305.000000    -1.008179    -0.379242
   306.000000    -1.266894    -0.379242
   307.000000    -1.058198    -0.379242
   308.000000    -0.622318    -0.379242
   309.000000    -0.320763    -0.379242
   310.000000    -0.382189    -0.379242
   311.000000    -0.759230    -0.379242
   312.000000    -1.230503    -0.379242
   313.000000    -1.626948    -0.379242
   314.000000    -1.932427    -0.379242
   315.000000    -2.185272    -0.379242
   316.000000    -2.352148    -0.379242
   317.000000    -2.324779    -0.379242
   318.000000    -2.022337    -0.379242
   319.000000    -1.488441    -0.379242
   320.000000    -0.894896    -0.379242
   321.000000    -0.432223    -0.379242
   322.000000    -0.168398    -0.379242
   323.000000    -0.025271    -0.379242
   324.000000     0.094115    -0.379242
   325.000000     0.168376    -0.379242
   326.000000     0.061312    -0.379242
   327.000000    -0.343455    -0.379242
   328.000000    -1.012795    -0.379242
   329.000000    -1.749925    -0.379242
   330.000000    -2.300645    -0.379242
   331.000000    -2.488763    -0.379242
   332.000000    -2.282005    -0.379242
   333.000000    -1.773035    -0.379242
   334.000000    -1.126423    -0.379242
   335.000000    -0.506640    -0.379242
   336.000000     0.012360    -0.379242
   337.000000     0.467473    -0.379242
   338.000000     0.902503    -0.379242
   339.000000     1.259207    -0.379242
   340.000000     1.419659    -0.379242
   341.000000     1.351123    -0.379242
   342.000000     1.160553    -0.379242
   343.000000     0.995667    -0.379242
   344.000000     0.916684    -0.379242
   345.000000     0.862194    -0.379242
   346.000000     0.718929    -0.379242
   347.000000     0.421898    -0.379242
   348.000000     0.015714    -0.379242
   349.000000    -0.353793    -0.379242
   350.000000    -0.528813    -0.379242
   351.000000    -0.454163    -0.379242
   352.000000    -0.218360    -0.379242
   353.000000     0.021943    -0.379242
   354.000000     0.149841    -0.379242
   355.000000     0.119949    -0.379242
   356.000000    -0.076609    -0.379242
   357.000000    -0.416830    -0.379242
   358.000000    -0.813166    -0.379242
   359.000000    -1.122772    -0.379242
   360.000000    -1.223227    -0.379242
   361.000000    -1.081001    -0.379242
   362.000000    -0.752219    -0.379242
   363.000000    -0.358899    -0.379242
   364.000000    -0.064833    -0.379242
   365.000000    -0.022157    -0.379242
   366.000000    -0.282292    -0.379242
   367.000000    -0.739549    -0.379242
   368.000000    -1.178591    -0.379242
   369.000000    -1.407994    -0.379242
   370.000000    -1.387323    -0.379242
   371.000000    -1.246044    -0.379242
   372.000000    -1.172737    -0.379242
   373.000000    -1.265648    -0.379242
   374.000000    -1.468688    -0.379242
   375.000000    -1.630602    -0.379242
   376.000000    -1.623537    -0.379242
   377.000000    -1.426596    -0.379242
   378.000000    -1.126201    -0.379242
   379.000000    -0.850117    -0.379242
   380.000000    -0.687466    -0.379242
   381.000000    -0.651854    -0.379242
   382.000000    -0.704598    -0.379242
   383.000000    -0.813673    -0.379242
   384.000000    -0.988362    -0.379242
   385.000000    -1.249938    -0.379242
   386.000000    -1.564782    -0.379242
   387.000000    -1.820601    -0.379242
   388.000000    -1.889093    -0.379242
   389.000000    -1.732510    -0.379242
   390.000000    -1.444951    -0.379242
   391.000000    -1.177718    -0.379242
   392.000000    -1.007754    -0.379242
   393.000000    -0.884616    -0.379242
   394.000000    -0.707178    -0.379242
   395.000000    -0.446711    -0.379242
   396.000000    -0.191425    -0.379242
   397.000000    -0.081907    -0.379242
   398.000000    -0.206055    -0.379242
   399.000000    -0.542815    -0.379242
   400.000000    -0.982642    -0.379242
   401.000000    -1.387157    -0.379242
   402.000000    -1.630619    -0.379242
   403.000000    -1.631129    -0.379242
   404.000000    -1.394377    -0.379242
   405.000000    -1.032761    -0.379242
   406.000000    -0.702270    -0.379242
   407.000000    -0.513846    -0.379242
   408.000000    -0.511858    -0.379242
   409.000000    -0.705823    -0.379242
   410.000000    -1.062351    -0.379242
   411.000000    -1.471138    -0.379242
   412.000000    -1.771676    -0.379242
   413.000000    -1.846260    -0.379242
   414.000000    -1.679347    -0.379242
   415.000000    -1.337905    -0.379242
   416.000000    -0.919189    -0.379242
   417.000000    -0.526290    -0.379242
   418.000000    -0.250498    -0.379242
   419.000000    -0.143046    -0.379242
   420.000000    -0.193698    -0.379242
   421.000000    -0.345610    -0.379242
   422.000000    -0.523295    -0.379242
   423.000000    -0.659347    -0.379242
   424.000000    -0.716469    -0.379242
   425.000000    -0.700316    -0.379242
   426.000000    -0.651013    -0.379242
   427.000000    -0.627946    -0.379242
   428.000000    -0.701463    -0.379242
   429.000000    -0.927655    -0.379242
   430.000000    -1.298382    -0.379242
   431.000000    -1.709258    -0.379242
   432.000000    -1.997576    -0.379242
   433.000000    -2.049222    -0.379242
   434.000000    -1.887484    -0.379242
   435.000000    -1.649740    -0.379242
   436.000000    -1.468930    -0.379242
   437.000000    -1.389298    -0.379242
   438.000000    -1.391152    -0.379242
   439.000000    -1.455975    -0.379242
   440.000000    -1.577909    -0.379242
   441.000000    -1.730752    -0.379242
   442.000000    -1.848228    -0.379242
   443.000000    -1.850098    -0.379242
   444.000000    -1.702943    -0.379242
   445.000000    -1.463528    -0.379242
   446.000000    -1.254142    -0.379242
   447.000000    -1.185728    -0.379242
   448.000000    -1.295418    -0.379242
   449.000000    -1.535186    -0.379242
   450.000000    -1.790629    -0.379242
   451.000000    -1.916387    -0.379242
   452.000000    -1.796939    -0.379242
   453.000000    -1.407762    -0.379242
   454.000000    -0.832241    -0.379242
   455.000000    -0.219050    -0.379242
   456.000000     0.275441    -0.379242
   457.000000     0.526639    -0.379242
   458.000000     0.478993    -0.379242
   459.000000     0.181448    -0.379242
   460.000000    -0.222070    -0.379242
   461.000000    -0.571298    -0.379242
   462.000000    -0.784415    -0.379242
   463.000000    -0.889814    -0.379242
   464.000000    -0.972137    -0.379242
   465.000000    -1.088841    -0.379242
   466.000000    -1.232562    -0.379242
   467.000000    -1.363943    -0.379242
   468.000000    -1.453619    -0.379242
   469.000000    -1.472072    -0.379242
   470.000000    -1.354299    -0.379242
   471.000000    -1.021172    -0.379242
   472.000000    -0.468960    -0.376717
   473.000000     0.171114    -0.075426
   474.000000     0.696186    -0.074922
   475.000000     0.966216    -0.074922
   476.000000     0.980303    -0.074922
   477.000000     0.855738    -0.074922
   478.000000     0.769241    -0.074922
   479.000000     0.899508    -0.074922
   480.000000     1.327462    -0.074922
   481.000000     1.941558    -0.074922
   482.000000     2.483123    -0.074922
   483.000000     2.738616    -0.074922
   484.000000     2.679595    -0.074922
   485.000000     2.415386    -0.074922
   486.000000     2.075902    -0.074922
   487.000000     1.773903    -0.074922
   488.000000     1.601239    -0.074922
   489.000000     1.587938    -0.074922
   490.000000     1.686942    -0.074922
   491.000000     1.834943    -0.074922
   492.000000     2.004447    -0.074922
   493.000000     2.170780    -0.074922
   494.000000     2.255940    -0.074922
   495.000000     2.157809    -0.074922
   496.000000     1.846425    -0.074922
   497.000000     1.425436    -0.074922
   498.000000     1.068652    -0.074922
   499.000000     0.885842    -0.074922
   500.000000     0.850988    -0.074922
   501.000000     0.849162    -0.074922
   502.000000     0.775694    -0.074922
   503.000000     0.596377    -0.074922
   504.000000     0.349972    -0.074922
   505.000000     0.105939    -0.074922
   506.000000    -0.094433    -0.074922
   507.000000    -0.253900    -0.074922
   508.000000    -0.372129    -0.074922
   509.000000    -0.406067    -0.074922
   510.000000    -0.313773    -0.074922
   511.000000    -0.132772    -0.074922
   512.000000     0.018098    -0.074922
   513.000000     0.023377    -0.074922
   514.000000    -0.143146    -0.074922
   515.000000    -0.397571    -0.074922
   516.000000    -0.587581    -0.074922
   517.000000    -0.587575    -0.074922
   518.000000    -0.401621    -0.074922
   519.000000    -0.190488    -0.074922
   520.000000    -0.149071    -0.074922
   521.000000    -0.320172    -0.074922
   522.000000    -0.537912    -0.074922
   523.000000    -0.582797    -0.074922
   524.000000    -0.385702    -0.074922
   525.000000    -0.055592    -0.074922
   526.000000     0.270126    -0.074922
   527.000000     0.547266    -0.074922
   528.000000     0.783790    -0.074922
   529.000000     0.935881    -0.074922
   530.000000     0.902168    -0.074922
   531.000000     0.621344    -0.074922
   532.000000     0.144246    -0.074922
   533.000000    -0.393318    -0.074922
   534.000000    -0.844194    -0.074922
   535.000000    -1.112515    -0.074922
   536.000000    -1.180705    -0.074922
   537.000000    -1.101822    -0.074922
   538.000000    -0.954169    -0.074922
   539.000000    -0.789847    -0.074922
   540.000000    -0.615016    -0.074922
   541.000000    -0.406722    -0.074922
   542.000000    -0.147399    -0.074922
   543.000000     0.141898    -0.074922
   544.000000     0.385422    -0.074922
   545.000000     0.481701    -0.074922
   546.000000     0.369424    -0.074922
   547.000000     0.086793    -0.074922
   548.000000    -0.241693    -0.074922
   549.000000    -0.472913    -0.074922
   550.000000    -0.519366    -0.074922
   551.000000    -0.378813    -0.074922
   552.000000    -0.125581    -0.074922
   553.000000     0.123290    -0.074922
   554.000000     0.259977    -0.074922
   555.000000     0.232160    -0.074922
   556.000000     0.053980    -0.074922
   557.000000    -0.219200    -0.074922
   558.000000    -0.518240    -0.074922
   559.000000    -0.767923    -0.074922
   560.000000    -0.894566    -0.074922
   561.000000    -0.852291    -0.074922
   562.000000    -0.650842    -0.074922
   563.000000    -0.352783    -0.074922
   564.000000    -0.051138    -0.074922
   565.000000     0.146230    -0.074922
   566.000000     0.135993    -0.074922
   567.000000    -0.108768    -0.074922
   568.000000    -0.478448    -0.074922
   569.000000    -0.784900    -0.074922
   570.000000    -0.907303    -0.074922
   571.000000    -0.850462    -0.074922
   572.000000    -0.667534    -0.074922
   573.000000    -0.393810    -0.074922
   574.000000    -0.078673    -0.074922
   575.000000     0.169313    -0.074922
   576.000000     0.217462    -0.074922
   577.000000     0.002829    -0.074922
   578.000000    -0.398940    -0.074922
   579.000000    -0.810617    -0.074922
   580.000000    -1.075488    -0.074922
   581.000000    -1.145315    -0.074922
   582.000000    -1.048717    -0.074922
   583.000000    -0.824107    -0.074922
   584.000000    -0.506762    -0.074922
   585.000000    -0.142744    -0.074922
   586.000000     0.211140    -0.074922
   587.000000     0.480382    -0.074922
   588.000000     0.569196    -0.074922
   589.000000     0.402210    -0.074922
   590.000000    -0.006251    -0.074922
   591.000000    -0.524356    -0.074922
   592.000000    -0.951073    -0.074922
   593.000000    -1.124606    -0.074922
   594.000000    -1.013813    -0.074922
   595.000000    -0.716638    -0.074922
   596.000000    -0.371896    -0.074922
   597.000000    -0.085172    -0.074922
   598.000000     0.094555    -0.074922
   599.000000     0.176902    -0.074922
   600.000000     0.217918    -0.074922
   601.000000     0.272648    -0.074922
   602.000000     0.338842    -0.074922
   603.000000     0.353071    -0.074922
   604.000000     0.254292    -0.074922
   605.000000     0.060312    -0.074922
   606.000000    -0.123415    -0.074922
   607.000000    -0.191447    -0.074922
   608.000000    -0.139313    -0.074922
   609.000000    -0.056706    -0.074922
   610.000000    -0.011081    -0.074922
   611.000000     0.025508    -0.074922
   612.000000     0.114185    -0.074922
   613.000000     0.254506    -0.074922
   614.000000     0.387330    -0.074922
   615.000000     0.468453    -0.074922
   616.000000     0.482538    -0.074922
   617.000000     0.397108    -0.074922
   618.000000     0.158095    -0.074922
   619.000000    -0.238250    -0.074922
   620.000000    -0.695742    -0.074922
   621.000000    -1.072620    -0.074922
   622.000000    -1.277266    -0.074922
   623.000000    -1.294048    -0.074922
   624.000000    -1.149505    -0.074922
   625.000000    -0.899280    -0.074922
   626.000000    -0.628614    -0.074922
   627.000000    -0.409354    -0.074922
   628.000000    -0.240790    -0.074922
   629.000000    -0.061968    -0.074922
   630.000000     0.169632    -0.074922
   631.000000     0.422239    -0.074922
   632.000000     0.607225    -0.074922
   633.000000     0.649234    -0.074922
   634.000000     0.547742    -0.074922
   635.000000     0.382929    -0.074922
   636.000000     0.252556    -0.074922
   637.000000     0.184987    -0.074922
   638.000000     0.112477    -0.074922
   639.000000    -0.056286    -0.074922
   640.000000    -0.337247    -0.074922
   641.000000    -0.651979    -0.074922
   642.000000    -0.902509    -0.074922
   643.000000    -1.050661    -0.074922
   644.000000    -1.131841    -0.074922
   645.000000    -1.203359    -0.074922
   646.000000    -1.278921    -0.074922
   647.000000    -1.310631    -0.074922
   648.000000    -1.233889    -0.074922
   649.000000    -1.030405    -0.074922
   650.000000    -0.746963    -0.074922
   651.000000    -0.470055    -0.074922
   652.000000    -0.279938    -0.074922
   653.000000    -0.207641    -0.074922
   654.000000    -0.202438    -0.074922
   655.000000    -0.141617    -0.074922
   656.000000     0.080589    -0.074922
   657.000000     0.434120    -0.074922
   658.000000     0.725883    -0.074922
   659.000000     0.731977    -0.074922
   660.000000     0.366949    -0.074922
   661.000000    -0.257135    -0.074922
   662.000000    -0.902057    -0.074922
   663.000000    -1.320908    -0.074922
   664.000000    -1.361168    -0.074922
   665.000000    -1.015560    -0.074922
   666.000000    -0.410483    -0.074922
   667.000000     0.251219    -0.074922
   668.000000     0.765819    -0.074922
   669.000000     1.001216    -0.074922
   670.000000     0.939371    -0.074922
   671.000000     0.677763    -0.074922
   672.000000     0.389338    -0.074922
   673.000000     0.233794    -0.074922
   674.000000     0.253091    -0.074922
   675.000000     0.360907    -0.074922
   676.000000     0.446993    -0.074922
   677.000000     0.479000    -0.074922
   678.000000     0.484558    -0.074922
   679.000000     0.493666    -0.074922
   680.000000     0.527740    -0.074922
   681.000000     0.608393    -0.074922
   682.000000     0.711855    -0.074922
   683.000000     0.745559    -0.074922
   684.000000     0.636255    -0.074922
   685.000000     0.437084    -0.074922
   686.000000     0.290977    -0.074922
   687.000000     0.286777    -0.074922
   688.000000     0.379649    -0.074922
   689.000000     0.443801    -0.074922
   690.000000     0.376589    -0.074922
   691.000000     0.169963    -0.074922
   692.000000    -0.086249    -0.074922
   693.000000    -0.262656    -0.074922
   694.000000    -0.268705    -0.074922
   695.000000    -0.094719    -0.074922
   696.000000     0.184843    -0.074922
   697.000000     0.445456    -0.074922
   698.000000     0.563484    -0.074922
   699.000000     0.475465    -0.074922
   700.000000     0.214515    -0.074922
   701.000000    -0.099722    -0.074922
   702.000000    -0.319466    -0.074922
   703.000000    -0.339749    -0.074922
   704.000000    -0.141107    -0.074922
   705.000000     0.218779    -0.074922
   706.000000     0.642393    -0.074922
   707.000000     1.011859    -0.074922
   708.000000     1.190832    -0.074922
   709.000000     1.075392    -0.074922
   710.000000     0.692715    -0.074922
   711.000000     0.225300    -0.074922
   712.000000    -0.109949    -0.074922
   713.000000    -0.211731    -0.074922
   714.000000    -0.136141    -0.074922
   715.000000    -0.026794    -0.074922
   716.000000    -0.024979    -0.074922
   717.000000    -0.208628    -0.074922
   718.000000    -0.568261    -0.074922
   719.000000    -1.006144    -0.074922
   720.000000    -1.370919    -0.074922
   721.000000    -1.535276    -0.074922
   722.000000    -1.493417    -0.074922
   723.000000    -1.379221    -0.074922
   724.000000    -1.343141    -0.074922
   725.000000    -1.386135    -0.074922
   726.000000    -1.355472    -0.074922
   727.000000    -1.126298    -0.074922
   728.000000    -0.752349    -0.074922
   729.000000    -0.408728    -0.074922
   730.000000    -0.218079    -0.074922
   731.000000    -0.161018    -0.074922
   732.000000    -0.129887    -0.074922
   733.000000    -0.034747    -0.074922
   734.000000     0.134656    -0.074922
   735.000000     0.323214    -0.074922
   736.000000     0.459278    -0.074922
   737.000000     0.488892    -0.074922
   738.000000     0.382767    -0.074922
   739.000000     0.138090    -0.074922
   740.000000    -0.217038    -0.074922
   741.000000    -0.621156    -0.074922
   742.000000    -0.974618    -0.074922
   743.000000    -1.143399    -0.074922
   744.000000    -1.012577    -0.074922
   745.000000    -0.584154    -0.074922
   746.000000    -0.018227    -0.074922
   747.000000     0.453738    -0.074922
   748.000000     0.669299    -0.074922
   749.000000     0.594896    -0.074922
   750.000000     0.289246    -0.074922
   751.000000    -0.147960    -0.074922
   752.000000    -0.599146    -0.074922
   753.000000    -0.953052    -0.074922
   754.000000    -1.130668    -0.074922
   755.000000    -1.096485    -0.074922
   756.000000    -0.844010    -0.074922
   757.000000    -0.387904    -0.074922
   758.000000     0.209830    -0.074922
   759.000000     0.801410    -0.074922
   760.000000     1.178176    -0.074922
   761.000000     1.191196    -0.074922
   762.000000     0.861977    -0.074922
   763.000000     0.347108    -0.074922
   764.000000    -0.196471    -0.074922
   765.000000    -0.688881    -0.074922
   766.000000    -1.086677    -0.074922
   767.000000    -1.327227    -0.074922
   768.000000    -1.348950    -0.074922
   769.000000    -1.146869    -0.074922
   770.000000    -0.781038    -0.074922
   771.000000    -0.336767    -0.074922
   772.000000     0.111832    -0.074922
   773.000000     0.506486    -0.074922
   774.000000     0.803310    -0.074922
   775.000000     0.978941    -0.074922
   776.000000     1.035348    -0.074922
   777.000000     0.990809    -0.074922
   778.000000     0.856146    -0.074922
   779.000000     0.617546    -0.074922
   780.000000     0.254766    -0.074922
   781.000000    -0.221871    -0.074922
   782.000000    -0.755432    -0.074922
   783.000000    -1.269133    -0.074922
   784.000000    -1.701520    -0.074922
   785.000000    -2.014227    -0.074922
   786.000000    -2.171165    -0.074922
   787.000000    -2.130559    -0.074922
   788.000000    -1.877738    -0.074922
   789.000000    -1.468758    -0.074922
   790.000000    -1.028190    -0.074922
   791.000000    -0.685116    -0.074922
   792.000000    -0.498263    -0.074922
   793.000000    -0.435443    -0.074922
   794.000000    -0.420052    -0.074922
   795.000000    -0.399950    -0.074922
   796.000000    -0.376954    -0.074922
   797.000000    -0.376850    -0.074922
   798.000000    -0.390603    -0.074922
   799.000000    -0.343370    -0.074922
   800.000000    -0.137625    -0.074922
   801.000000     0.247103    -0.074922
   802.000000     0.687538    -0.074922
   803.000000     0.966648    -0.074922
   804.000000     0.925212    -0.074922
   805.000000     0.586716    -0.074922
   806.000000     0.144186    -0.074922
   807.000000    -0.174255    -0.074922
   808.000000    -0.253258    -0.074922
   809.000000    -0.151583    -0.074922
   810.000000    -0.042536    -0.074922
   811.000000    -0.075329    -0.074922
   812.000000    -0.265839    -0.074922
   813.000000    -0.514889    -0.074922
   814.000000    -0.714673    -0.074922
   815.000000    -0.821264    -0.074922
   816.000000    -0.838292    -0.074922
   817.000000    -0.780021    -0.074922
   818.000000    -0.669691    -0.074922
   819.000000    -0.546818    -0.074922
   820.000000    -0.441666    -0.074922
   821.000000    -0.344588    -0.074922
   822.000000    -0.216033    -0.074922
   823.000000    -0.029576    -0.074922
   824.000000     0.187275    -0.074922
   825.000000     0.348797    -0.074922
   826.000000     0.357288    -0.074922
   827.000000     0.177144    -0.074922
   828.000000    -0.129803    -0.074922
   829.000000    -0.447897    -0.074922
   830.000000    -0.678354    -0.074922
   831.000000    -0.778517    -0.074922
   832.000000    -0.760813    -0.074922
   833.000000    -0.672233    -0.074922
   834.000000    -0.557507    -0.074922
   835.000000    -0.428307    -0.074922
   836.000000    -0.267423    -0.074922
   837.000000    -0.075538    -0.074922
   838.000000     0.093640    -0.074922
   839.000000     0.163649    -0.074922
   840.000000     0.096557    -0.074922
   841.000000    -0.092219    -0.074922
   842.000000    -0.366247    -0.074922
   843.000000    -0.672458    -0.074922
   844.000000    -0.921923    -0.074922
   845.000000    -1.020424    -0.074922
   846.000000    -0.938028    -0.074922
   847.000000    -0.733124    -0.074922
   848.000000    -0.507040    -0.074922
   849.000000    -0.338020    -0.074922
   850.000000    -0.242874    -0.074922
   851.000000    -0.188039    -0.074922
   852.000000    -0.136276    -0.074922
   853.000000    -0.086732    -0.074922
   854.000000    -0.076186    -0.074922
   855.000000    -0.149317    -0.074922
   856.000000    -0.311594    -0.074922
   857.000000    -0.498907    -0.074922
   858.000000    -0.598421    -0.074922
   859.000000    -0.522577    -0.074922
   860.000000    -0.281374     0.144575
   861.000000     0.020609     0.174320
   862.000000     0.279487     0.452416
   863.000000     0.498099     0.508153
   864.000000     0.762044     0.508212
   865.000000     1.104195     0.508212
   866.000000     1.429602     0.508212
   867.000000     1.594602     0.508212
   868.000000     1.526287     0.508212
   869.000000     1.259828     0.508212
   870.000000     0.894166     0.508212
   871.000000     0.532038     0.508212
   872.000000     0.243336     0.508212
   873.000000     0.072809     0.508212
   874.000000     0.071224     0.508212
   875.000000     0.294113     0.508212
   876.000000     0.748122     0.508212
   877.000000     1.334337     0.508212
   878.000000     1.856296     0.508212
   879.000000     2.122201     0.508212
   880.000000     2.073335     0.508212
   881.000000     1.835954     0.508212
   882.000000     1.629155     0.508212
   883.000000     1.593009     0.508212
   884.000000     1.677244     0.508212
   885.000000     1.697897     0.508212
   886.000000     1.516908     0.508212
   887.000000     1.175538     0.508212
   888.000000     0.851477     0.508212
   889.000000     0.715107     0.508212
   890.000000     0.839228     0.508212
   891.000000     1.196345     0.508212
   892.000000     1.668936     0.508212
   893.000000     2.066689     0.508212
   894.000000     2.209453     0.508212
   895.000000     2.040421     0.508212
   896.000000     1.654448     0.508212
   897.000000     1.221633     0.508212
   898.000000     0.877879     0.508212
   899.000000     0.657218     0.508212
   900.000000     0.491623     0.508212
   901.000000     0.283432     0.508212
   902.000000     0.006677     0.508212
   903.000000    -0.256339     0.508212
   904.000000    -0.377747     0.508212
   905.000000    -0.284878     0.508212
   906.000000     0.002189     0.508212
   907.000000     0.400212     0.508212
   908.000000     0.806042     0.508212
   909.000000     1.105904     0.508212
   910.000000     1.191337     0.508212
   911.000000     1.015488     0.508212
   912.000000     0.650373     0.508212
   913.000000     0.268003     0.508212
   914.000000     0.039891     0.508212
   915.000000     0.034024     0.508212
   916.000000     0.198965     0.508212
   917.000000     0.450533     0.508212
   918.000000     0.770468     0.508212
   919.000000     1.197702     0.508212
   920.000000     1.713757     0.508212
   921.000000     2.177612     0.508212
   922.000000     2.416425     0.508212
   923.000000     2.360555     0.508212
   924.000000     2.076853     0.508212
   925.000000     1.692532     0.508212
   926.000000     1.324219     0.508212
   927.000000     1.048606     0.508212
   928.000000     0.885512     0.508212
   929.000000     0.792491     0.508212
   930.000000     0.701794     0.508212
   931.000000     0.583957     0.508212
   932.000000     0.477607     0.508212
   933.000000     0.448788     0.508212
   934.000000     0.522292     0.508212
   935.000000     0.651234     0.508212
   936.000000     0.740200     0.508212
   937.000000     0.690131     0.508212
   938.000000     0.452714     0.508212
   939.000000     0.085890     0.508212
   940.000000    -0.243569     0.508212
   941.000000    -0.365496     0.508212
   942.000000    -0.248550     0.508212
   943.000000    -0.025249     0.508212
   944.000000     0.136339     0.508212
   945.000000     0.164818     0.508212
   946.000000     0.090528     0.508212
   947.000000    -0.028991     0.508212
   948.000000    -0.132806     0.508212
   949.000000    -0.148732     0.508212
   950.000000    -0.024299     0.508212
   951.000000     0.226575     0.508212
   952.000000     0.533547     0.508212
   953.000000     0.805116     0.508212
   954.000000     0.930555     0.508212
   955.000000     0.794081     0.508212
   956.000000     0.347135     0.508212
   957.000000    -0.324445     0.508212
   958.000000    -1.005916     0.508212
   959.000000    -1.434422     0.508212
   960.000000    -1.421431     0.508212
   961.000000    -0.977830     0.508212
   962.000000    -0.340202     0.508212
   963.000000     0.173604     0.508212
   964.000000     0.382886     0.508212
   965.000000     0.332215     0.508212
   966.000000     0.189998     0.508212
   967.000000     0.095823     0.508212
   968.000000     0.115788     0.508212
   969.000000     0.269594     0.508212
   970.000000     0.521653     0.508212
   971.000000     0.759502     0.508212
   972.000000     0.848599     0.508212
   973.000000     0.728554     0.508212
   974.000000     0.434149     0.508212
   975.000000     0.037262     0.508212
   976.000000    -0.392701     0.508212
   977.000000    -0.786784     0.508212
   978.000000    -1.072672     0.508212
   979.000000    -1.189228     0.508212
   980.000000    -1.107087     0.508212
   981.000000    -0.843533     0.508212
   982.000000    -0.468670     0.508212
   983.000000    -0.098878     0.508212
   984.000000     0.142190     0.508212
   985.000000     0.197750     0.508212
   986.000000     0.124481     0.508212
   987.000000     0.037785     0.508212
   988.000000    -0.001357     0.508212
   989.000000    -0.027675     0.508212
   990.000000    -0.107958     0.508212
   991.000000    -0.262125     0.508212
   992.000000    -0.447021     0.508212
   993.000000    -0.587806     0.508212
   994.000000    -0.627447     0.508212
   995.000000    -0.552354     0.508212
   996.000000    -0.372894     0.508212
   997.000000    -0.080570     0.508212
   998.000000     0.332979     0.513377
   999.000000     0.797977     0.599204
  1000.000000     1.152874     0.609892
  1001.000000     1.271113     0.609892
  1002.000000     1.201356     0.609892
  1003.000000     1.137911     0.609892
  1004.000000     1.235954     0.609892
  1005.000000     1.475327     0.609892
  1006.000000     1.704880     0.609892
  1007.000000     1.798526     0.609892
  1008.000000     1.758937     0.609892
  1009.000000     1.690033     0.609892
  1010.000000     1.666763     0.609892
  1011.000000     1.631493     0.609892
  1012.000000     1.434774     0.609892
  1013.000000     1.001632     0.609892
  1014.000000     0.439657     0.609892
  1015.000000    -0.029938     0.609892
  1016.000000    -0.240543     0.609892
  1017.000000    -0.170005     0.609892
  1018.000000     0.100645     0.609892
  1019.000000     0.473238     0.609892
  1020.000000     0.869446     0.609892
  1021.000000     1.212932     0.609892
  1022.000000     1.413114     0.609892
  1023.000000     1.385225     0.609892
  1024.000000     1.108062     0.609892
  1025.000000     0.684517     0.609892
  1026.000000     0.331935     0.609892
  1027.000000     0.252291     0.609892
  1028.000000     0.473431     0.609892
  1029.000000     0.825601     0.609892
  1030.000000     1.087476     0.609892
  1031.000000     1.154087     0.609892
  1032.000000     1.076779     0.609892
  1033.000000     0.969888     0.609892
  1034.000000     0.897092     0.609892
  1035.000000     0.843498     0.609892
  1036.000000     0.777018     0.609892
  1037.000000     0.702308     0.609892
  1038.000000     0.644000     0.609892
  1039.000000     0.600580     0.609892
  1040.000000     0.539617     0.609892
  1041.000000     0.432549     0.609892
  1042.000000     0.286075     0.609892
  1043.000000     0.146322     0.609892
  1044.000000     0.082651     0.609892
  1045.000000     0.157848     0.609892
  1046.000000     0.386906     0.609892
  1047.000000     0.708604     0.609892
  1048.000000     1.006855     0.609892
  1049.000000     1.192199     0.609892
  1050.000000     1.268245     0.609892
  1051.000000     1.297461     0.609892
  1052.000000     1.306136     0.609892
  1053.000000     1.266587     0.609892
  1054.000000     1.178930     0.609892
  1055.000000     1.109780     0.609892
  1056.000000     1.105781     0.609892
  1057.000000     1.108390     0.609892
  1058.000000     1.004507     0.609892
  1059.000000     0.755767     0.609892
  1060.000000     0.444111     0.609892
  1061.000000     0.196926     0.609892
  1062.000000     0.086503     0.609892
  1063.000000     0.096653     0.609892
  1064.000000     0.158851     0.609892
  1065.000000     0.217986     0.609892
  1066.000000     0.274865     0.609892
  1067.000000     0.371588     0.609892
  1068.000000     0.525640     0.609892
  1069.000000     0.685117     0.609892
  1070.000000     0.767666     0.609892
  1071.000000     0.752347     0.609892
  1072.000000     0.713512     0.609892
  1073.000000     0.745634     0.609892
  1074.000000     0.851711     0.609892
  1075.000000     0.930470     0.609892
  1076.000000     0.880077     0.609892
  1077.000000     0.700642     0.609892
  1078.000000     0.470679     0.609892
  1079.000000     0.244636     0.609892
  1080.000000     0.010580     0.609892
  1081.000000    -0.242298     0.609892
  1082.000000    -0.453451     0.609892
  1083.000000    -0.513668     0.609892
  1084.000000    -0.357893     0.609892
  1085.000000    -0.015812     0.609892
  1086.000000     0.424300     0.609892
  1087.000000     0.869755     0.609892
  1088.000000     1.229784     0.609892
  1089.000000     1.409281     0.609892
  1090.000000     1.351430     0.609892
  1091.000000     1.083862     0.609892
  1092.000000     0.689005     0.609892
  1093.000000     0.241465     0.609892
  1094.000000    -0.213615     0.609892
  1095.000000    -0.642347     0.609892
  1096.000000    -1.017414     0.609892
  1097.000000    -1.311717     0.609892
  1098.000000    -1.468636     0.609892
  1099.000000    -1.397555     0.609892
  1100.000000    -1.047597     0.609892
  1101.000000    -0.493117     0.609892
  1102.000000     0.091026     0.638931
  1103.000000     0.562445     0.691222
  1104.000000     0.904243     0.738203
  1105.000000     1.180656     0.781909
  1106.000000     1.434361     0.781909
  1107.000000     1.647999     0.781909
  1108.000000     1.786455     0.781909
  1109.000000     1.844840     0.781909
  1110.000000     1.824685     0.781909
  1111.000000     1.677637     0.781909
  1112.000000     1.328165     0.781909
  1113.000000     0.800124     0.781909
  1114.000000     0.279727     0.781909
  1115.000000    -0.000702     0.781909
  1116.000000     0.056133     0.781909
  1117.000000     0.352726     0.781909
  1118.000000     0.687380     0.781909
  1119.000000     0.895683     0.781909
  1120.000000     0.956990     0.781909
  1121.000000     0.994354     0.781909
  1122.000000     1.163599     0.781909
  1123.000000     1.524651     0.781909
  1124.000000     1.989870     0.781909
  1125.000000     2.364981     0.781909
  1126.000000     2.442731     0.781909
  1127.000000     2.121166     0.781909
  1128.000000     1.482534     0.781909
  1129.000000     0.761704     0.781909
  1130.000000     0.199946     0.781909
  1131.000000    -0.105672     0.781909
  1132.000000    -0.221665     0.781909
  1133.000000    -0.241406     0.781909
  1134.000000    -0.152378     0.781909
  1135.000000     0.123483     0.781909
  1136.000000     0.576717     0.781909
  1137.000000     1.052587     0.781909
  1138.000000     1.368400     0.781909
  1139.000000     1.463483     0.781909
  1140.000000     1.421428     0.781909
  1141.000000     1.362621     0.781909
  1142.000000     1.330410     0.781909
  1143.000000     1.281807     0.781909
  1144.000000     1.161737     0.781909
  1145.000000     0.972354     0.781909
  1146.000000     0.787679     0.781909
  1147.000000     0.718899     0.781909
  1148.000000     0.839851     0.781909
  1149.000000     1.103420     0.781909
  1150.000000     1.341011     0.781909
  1151.000000     1.379904     0.781909
  1152.000000     1.183467     0.781909
  1153.000000     0.862459     0.781909
  1154.000000     0.556510     0.781909
  1155.000000     0.335982     0.781909
  1156.000000     0.219516     0.781909
  1157.000000     0.237583     0.781909
  1158.000000     0.424139     0.781909
  1159.000000     0.756198     0.781909
  1160.000000     1.132407     0.781909
  1161.000000     1.428713     0.781909
  1162.000000     1.566706     0.781909
  1163.000000     1.535225     0.781909
  1164.000000     1.376147     0.781909
  1165.000000     1.170104     0.781909
  1166.000000     1.017604     0.781909
  1167.000000     0.990004     0.781909
  1168.000000     1.090382     0.781909
  1169.000000     1.262009     0.781909
  1170.000000     1.436095     0.781909
  1171.000000     1.565402     0.781909
  1172.000000     1.636783     0.781909
  1173.000000     1.676308     0.781909
  1174.000000     1.740883     0.781909
  1175.000000     1.890839     0.781909
  1176.000000     2.140700     0.781909
  1177.000000     2.433508     0.781909
  1178.000000     2.657118     0.781909
  1179.000000     2.692737     0.781909
  1180.000000     2.476428     0.781909
  1181.000000     2.047078     0.781909
  1182.000000     1.546279     0.781909
  1183.000000     1.144548     0.781909
  1184.000000     0.942658     0.781909
  1185.000000     0.929401     0.781909
  1186.000000     1.029454     0.781909
  1187.000000     1.190073     0.781909
  1188.000000     1.414364     0.781909
  1189.000000     1.709405     0.781909
  1190.000000     2.039037     0.781909
  1191.000000     2.347835     0.781909
  1192.000000     2.595431     0.781909
  1193.000000     2.755728     0.781909
  1194.000000     2.816538     0.781909
  1195.000000     2.797298     0.781909
  1196.000000     2.725482     0.781909
  1197.000000     2.587146     0.781909
  1198.000000     2.348901     0.781909
  1199.000000     2.038001     0.781909
  1200.000000     1.762847     0.781909
  1201.000000     1.619158     0.781909
  1202.000000     1.584200     0.781909
  1203.000000     1.532894     0.781909
  1204.000000     1.371401     0.781909
  1205.000000     1.140804     0.781909
  1206.000000     0.983800     0.781909
  1207.000000     1.023150     0.781909
  1208.000000     1.272352     0.781909
  1209.000000     1.633129     0.781909
  1210.000000     1.961032     0.781909
  1211.000000     2.156869     0.781909
  1212.000000     2.224094     0.781909
  1213.000000     2.247020     0.781909
  1214.000000     2.308044     0.781909
  1215.000000     2.418770     0.781909
  1216.000000     2.529241     0.781909
  1217.000000     2.592588     0.781909
  1218.000000     2.600369     0.781909
  1219.000000     2.558126     0.781909
  1220.000000     2.461778     0.781909
  1221.000000     2.314528     0.781909
  1222.000000     2.150373     0.781909
  1223.000000     2.014616     0.781909
  1224.000000     1.918014     0.781909
  1225.000000     1.818147     0.781909
  1226.000000     1.658214     0.781909
  1227.000000     1.428972     0.781909
  1228.000000     1.179737     0.781909
  1229.000000     0.972037     0.781909
  1230.000000     0.846098     0.781909
  1231.000000     0.826421     0.781909
  1232.000000     0.909592     0.781909
  1233.000000     1.026424     0.781909
  1234.000000     1.064973     0.781909
  1235.000000     0.975782     0.781909
  1236.000000     0.832906     0.781909
  1237.000000     0.754293     0.781909
  1238.000000     0.785797     0.781909
  1239.000000     0.895600     0.781909
  1240.000000     1.059137     0.781909
  1241.000000     1.299337     0.781909
  1242.000000     1.635715     0.781909
  1243.000000     2.023492     0.781909
  1244.000000     2.360202     0.781909
  1245.000000     2.556543     0.781909
  1246.000000     2.600076     0.781909
  1247.000000     2.536158     0.781909
  1248.000000     2.389180     0.781909
  1249.000000     2.125577     0.781909
  1250.000000     1.712444     0.781909
  1251.000000     1.199964     0.781909
  1252.000000     0.739249     0.781909
  1253.000000     0.518087     0.781909
  1254.000000     0.651923     0.781909
  1255.000000     1.088513     0.781909
  1256.000000     1.606503     0.781909
  1257.000000     1.939971     0.781909
  1258.000000     1.937599     0.781909
  1259.000000     1.611016     0.781909
  1260.000000     1.064012     0.741262
  1261.000000     0.424525     0.364057
  1262.000000    -0.154793     0.215427
  1263.000000    -0.508502     0.111973
  1264.000000    -0.532570     0.111973
  1265.000000    -0.268759     0.111973
  1266.000000     0.093710     0.111973
  1267.000000     0.310874     0.111973
  1268.000000     0.235587     0.111973
  1269.000000    -0.084759     0.111973
  1270.000000    -0.465097     0.111973
  1271.000000    -0.742091     0.111973
  1272.000000    -0.863151     0.111973
  1273.000000    -0.831948     0.111973
  1274.000000    -0.631154     0.111973
  1275.000000    -0.241662     0.111973
  1276.000000     0.285718     0.111973
  1277.000000     0.820157     0.111973
  1278.000000     1.219856     0.111973
  1279.000000     1.400365     0.111973
  1280.000000     1.345581     0.111973
  1281.000000     1.089275     0.111973
  1282.000000     0.713767     0.111973
  1283.000000     0.338009     0.111973
  1284.000000     0.068935    -0.005837
  1285.000000    -0.060929    -0.005837
  1286.000000    -0.095551    -0.005837
  1287.000000    -0.105128    -0.005837
  1288.000000    -0.141323    -0.005837
  1289.000000    -0.223832    -0.005837
  1290.000000    -0.343102    -0.005837
  1291.000000    -0.469683    -0.005837
  1292.000000    -0.567064    -0.005837
  1293.000000    -0.601695    -0.005837
  1294.000000    -0.550427    -0.005837
  1295.000000    -0.412681    -0.005837
  1296.000000    -0.216648    -0.005837
  1297.000000    -0.007393    -0.005837
  1298.000000     0.180671    -0.005837
  1299.000000     0.329057    -0.005837
  1300.000000     0.409787    -0.005837
  1301.000000     0.363520    -0.005837
  1302.000000     0.143264    -0.005837
  1303.000000    -0.224879    -0.005837
  1304.000000    -0.634130    -0.005837
  1305.000000    -0.941160    -0.005837
  1306.000000    -1.006450    -0.005837
  1307.000000    -0.747463    -0.005837
  1308.000000    -0.220580    -0.005837
  1309.000000     0.362016    -0.005837
  1310.000000     0.762702    -0.005837
  1311.000000     0.883878    -0.005837
  1312.000000     0.796125    -0.005837
  1313.000000     0.622718    -0.005837
  1314.000000     0.436582    -0.005837
  1315.000000     0.253455    -0.005837
  1316.000000     0.080354    -0.005837
  1317.000000    -0.051050    -0.005837
  1318.000000    -0.082383    -0.005837
  1319.000000     0.028880    -0.005837
  1320.000000     0.245585    -0.005837
  1321.000000     0.425055    -0.005837
  1322.000000     0.412910    -0.005837
  1323.000000     0.196796    -0.005837
  1324.000000    -0.053111    -0.005837
  1325.000000    -0.136468    -0.005837
  1326.000000    -0.010207    -0.005837
  1327.000000     0.188340    -0.005837
  1328.000000     0.276339    -0.018622
  1329.000000     0.156626    -0.034925
  1330.000000    -0.150659    -0.115352
  1331.000000    -0.543632    -0.132962
  1332.000000    -0.898195    -0.134395
  1333.000000    -1.125086    -0.134395
  1334.000000    -1.200516    -0.134395
  1335.000000    -1.146004    -0.134395
  1336.000000    -0.987177    -0.134395
  1337.000000    -0.758144    -0.134395
  1338.000000    -0.545231    -0.134395
  1339.000000    -0.483865    -0.134395
  1340.000000    -0.668207    -0.134395
  1341.000000    -1.040841    -0.134395
  1342.000000    -1.387882    -0.134395
  1343.000000    -1.470179    -0.134395
  1344.000000    -1.191852    -0.134395
  1345.000000    -0.652121    -0.134395
  1346.000000    -0.044725    -0.134395
  1347.000000     0.475448    -0.134395
  1348.000000     0.840040    -0.134395
  1349.000000     1.054213    -0.134395
  1350.000000     1.168248    -0.134395
  1351.000000     1.231750    -0.134395
  1352.000000     1.238608    -0.134395
  1353.000000     1.125054    -0.134395
  1354.000000     0.830583    -0.134395
  1355.000000     0.362977    -0.134395
  1356.000000    -0.193878    -0.134395
  1357.000000    -0.719338    -0.134395
  1358.000000    -1.121011    -0.134395
  1359.000000    -1.359830    -0.134395
  1360.000000    -1.422026    -0.134395
  1361.000000    -1.288593    -0.134395
  1362.000000    -0.969284    -0.134395
  1363.000000    -0.560945    -0.134395
  1364.000000    -0.224946    -0.134395
  1365.000000    -0.079805    -0.134395
  1366.000000    -0.121268    -0.134395
  1367.000000    -0.246532    -0.134395
  1368.000000    -0.338945    -0.134395
  1369.000000    -0.334531    -0.134395
  1370.000000    -0.244411    -0.134395
  1371.000000    -0.131353    -0.134395
  1372.000000    -0.055785    -0.134395
  1373.000000    -0.029658    -0.134395
  1374.000000    -0.015783    -0.134395
  1375.000000     0.036125    -0.134395
  1376.000000     0.150288    -0.134395
  1377.000000     0.302245    -0.134395
  1378.000000     0.422970    -0.134395
  1379.000000     0.435809    -0.134395
  1380.000000     0.308658    -0.134395
  1381.000000     0.077749    -0.134395
  1382.000000    -0.176510    -0.134395
  1383.000000    -0.369703    -0.134395
  1384.000000    -0.437216    -0.134395
  1385.000000    -0.358338    -0.134395
  1386.000000    -0.188077    -0.134395
  1387.000000    -0.042536    -0.134395
  1388.000000    -0.007225    -0.134395
  1389.000000    -0.054958    -0.134395
  1390.000000    -0.089684    -0.134395
  1391.000000    -0.075293    -0.134395
  1392.000000    -0.086065    -0.134395
  1393.000000    -0.219151    -0.134395
  1394.000000    -0.473430    -0.134395
  1395.000000    -0.721115    -0.134395
  1396.000000    -0.788222    -0.134395
  1397.000000    -0.582600    -0.134395
  1398.000000    -0.170591    -0.134395
  1399.000000     0.269688    -0.134395
  1400.000000     0.585453    -0.134395
  1401.000000     0.743769    -0.134395
  1402.000000     0.805746    -0.134395
  1403.000000     0.832264    -0.134395
  1404.000000     0.814503    -0.134395
  1405.000000     0.691567    -0.134395
  1406.000000     0.430298    -0.134395
  1407.000000     0.091174    -0.134395
  1408.000000    -0.194372    -0.134395
  1409.000000    -0.307938    -0.134395
  1410.000000    -0.207564    -0.134395
  1411.000000     0.058273    -0.134395
  1412.000000     0.362625    -0.134395
  1413.000000     0.547267    -0.134395
  1414.000000     0.507920    -0.134395
  1415.000000     0.262933    -0.134395
  1416.000000    -0.070527    -0.134395
  1417.000000    -0.378584    -0.134395
  1418.000000    -0.630357    -0.134395
  1419.000000    -0.860420    -0.134395
  1420.000000    -1.081364    -0.134395
  1421.000000    -1.217162    -0.134395
  1422.000000    -1.144677    -0.134395
  1423.000000    -0.815045    -0.134395
  1424.000000    -0.351827    -0.134395
  1425.000000    -0.009843    -0.134395
  1426.000000     0.000602    -0.134395
  1427.000000    -0.323040    -0.134395
  1428.000000    -0.783996    -0.134395
  1429.000000    -1.155058    -0.134395
  1430.000000    -1.329343    -0.134395
  1431.000000    -1.328803    -0.134395
  1432.000000    -1.230914    -0.134395
  1433.000000    -1.123399    -0.134395
  1434.000000    -1.089655    -0.134395
  1435.000000    -1.175592    -0.134395
  1436.000000    -1.345551    -0.134395
  1437.000000    -1.481284    -0.134395
  1438.000000    -1.456025    -0.134395
  1439.000000    -1.237785    -0.134395
  1440.000000    -0.937208    -0.134395
  1441.000000    -0.741465    -0.134395
  1442.000000    -0.783750    -0.134395
  1443.000000    -1.053690    -0.134395
  1444.000000    -1.408408    -0.134395
  1445.000000    -1.666775    -0.134395
  1446.000000    -1.721108    -0.134395
  1447.000000    -1.578324    -0.134395
  1448.000000    -1.301453    -0.134395
  1449.000000    -0.942953    -0.134395
  1450.000000    -0.551257    -0.134395
  1451.000000    -0.206755    -0.134395
  1452.000000     0.010317    -0.134395
  1453.000000     0.081154    -0.134395
  1454.000000     0.051177    -0.134395
  1455.000000    -0.024390    -0.134395
  1456.000000    -0.115764    -0.134395
  1457.000000    -0.204279    -0.134395
  1458.000000    -0.258225    -0.134395
  1459.000000    -0.244566    -0.134395
  1460.000000    -0.156362    -0.134395
  1461.000000    -0.008515    -0.134395
  1462.000000     0.187699    -0.134395
  1463.000000     0.406687    -0.134395
  1464.000000     0.558159    -0.134395
  1465.000000     0.505519    -0.134395
  1466.000000     0.172379    -0.134395
  1467.000000    -0.374056    -0.134395
  1468.000000    -0.963420    -0.134395
  1469.000000    -1.433879    -0.134395
  1470.000000    -1.689445    -0.134395
  1471.000000    -1.678142    -0.134395
  1472.000000    -1.379202    -0.134395
  1473.000000    -0.859032    -0.134395
  1474.000000    -0.310376    -0.134395
  1475.000000     0.032051    -0.134395
  1476.000000     0.048095    -0.134395
  1477.000000    -0.206282    -0.134395
  1478.000000    -0.584108    -0.134395
  1479.000000    -0.951505    -0.134395
  1480.000000    -1.202758    -0.134395
  1481.000000    -1.252937    -0.134395
  1482.000000    -1.091218    -0.134395
  1483.000000    -0.818527    -0.134395
  1484.000000    -0.575669    -0.134395
  1485.000000    -0.427052    -0.134395
  1486.000000    -0.336019    -0.134395
  1487.000000    -0.236432    -0.134395
  1488.000000    -0.101255    -0.134395
  1489.000000     0.045432    -0.134395
  1490.000000     0.156472    -0.134395
  1491.000000     0.187976    -0.134395
  1492.000000     0.109345    -0.134395
  1493.000000    -0.095710    -0.134395
  1494.000000    -0.416969    -0.134395
  1495.000000    -0.801575    -0.134395
  1496.000000    -1.147885    -0.134395
  1497.000000    -1.335394    -0.134395
  1498.000000    -1.305552    -0.134395
  1499.000000    -1.136652    -0.134395
  1500.000000    -1.011891    -0.134395
  1501.000000    -1.073391    -0.134395
  1502.000000    -1.299176    -0.134395
  1503.000000    -1.522945    -0.134395
  1504.000000    -1.557676    -0.134395
  1505.000000    -1.315997    -0.134395
  1506.000000    -0.859584    -0.134395
  1507.000000    -0.363176    -0.134395
  1508.000000    -0.002757    -0.134395
  1509.000000     0.154714    -0.134395
  1510.000000     0.177977    -0.134395
  1511.000000     0.194358    -0.134395
  1512.000000     0.291583    -0.134395
  1513.000000     0.475158    -0.134395
  1514.000000     0.689841    -0.134395
  1515.000000     0.864031    -0.134395
  1516.000000     0.936213    -0.134395
  1517.000000     0.873962    -0.134395
  1518.000000     0.694087    -0.134395
  1519.000000     0.463068    -0.134395
  1520.000000     0.256789    -0.134395
  1521.000000     0.119570    -0.134395
  1522.000000     0.069434    -0.134395
  1523.000000     0.118991    -0.134395
  1524.000000     0.245408    -0.134395
  1525.000000     0.339006    -0.134395
  1526.000000     0.247324    -0.134395
  1527.000000    -0.081659    -0.134395
  1528.000000    -0.522473    -0.134395
  1529.000000    -0.887077    -0.134395
  1530.000000    -1.105428    -0.134395
  1531.000000    -1.247593    -0.134395
  1532.000000    -1.380113    -0.134395
  1533.000000    -1.453533    -0.134395
  1534.000000    -1.357689    -0.134395
  1535.000000    -1.058552    -0.134395
  1536.000000    -0.657877    -0.134395
  1537.000000    -0.326289    -0.134395
  1538.000000    -0.181503    -0.134395
  1539.000000    -0.211878    -0.134395
  1540.000000    -0.309337    -0.134395
  1541.000000    -0.378479    -0.134395
  1542.000000    -0.413201    -0.134395
  1543.000000    -0.461098    -0.134395
  1544.000000    -0.543647    -0.134395
  1545.000000    -0.638399    -0.134395
  1546.000000    -0.725448    -0.134395
  1547.000000    -0.812595    -0.134395
  1548.000000    -0.914122    -0.134395
  1549.000000    -1.023136    -0.134395
  1550.000000    -1.115714    -0.134395
  1551.000000    -1.174339    -0.134395
  1552.000000    -1.198266    -0.134395
  1553.000000    -1.187715    -0.134395
  1554.000000    -1.123739    -0.134395
  1555.000000    -0.976312    -0.134395
  1556.000000    -0.722390    -0.134395
  1557.000000    -0.351920    -0.134395
  1558.000000     0.121045    -0.134395
  1559.000000     0.623979    -0.134395
  1560.000000     1.007125    -0.134395
  1561.000000     1.105401    -0.134395
  1562.000000     0.858653    -0.134395
  1563.000000     0.381875    -0.134395
  1564.000000    -0.104707    -0.134395
  1565.000000    -0.430299    -0.134395
  1566.000000    -0.572503    -0.134395
  1567.000000    -0.623723    -0.134395
  1568.000000    -0.690492    -0.134395
  1569.000000    -0.814911    -0.134395
  1570.000000    -0.957185    -0.134395
  1571.000000    -1.036347    -0.134395
  1572.000000    -1.010692    -0.134395
  1573.000000    -0.941789    -0.134395
  1574.000000    -0.962788    -0.134395
  1575.000000    -1.148649    -0.134395
  1576.000000    -1.416287    -0.134395
  1577.000000    -1.586756    -0.134395
  1578.000000    -1.553991    -0.134395
  1579.000000    -1.375277    -0.134395
  1580.000000    -1.207141    -0.134395
  1581.000000    -1.192143    -0.134395
  1582.000000    -1.378623    -0.134395
  1583.000000    -1.680077    -0.134395
  1584.000000    -1.899639    -0.134395
  1585.000000    -1.853431    -0.134395
  1586.000000    -1.517225    -0.134395
  1587.000000    -1.058760    -0.134395
  1588.000000    -0.724514    -0.134395
  1589.000000    -0.669037    -0.134395
  1590.000000    -0.855854    -0.134395
  1591.000000    -1.100175    -0.134395
  1592.000000    -1.218746    -0.134395
  1593.000000    -1.156084    -0.134395
  1594.000000    -0.983648    -0.134395
  1595.000000    -0.799791    -0.134395
  1596.000000    -0.646213    -0.134395
  1597.000000    -0.523182    -0.134395
  1598.000000    -0.451588    -0.134395
  1599.000000    -0.479105    -0.134395
  1600.000000    -0.607822    -0.134395
  1601.000000    -0.760737    -0.134395
  1602.000000    -0.853443    -0.134395
  1603.000000    -0.882304    -0.134395
  1604.000000    -0.920011    -0.134395
  1605.000000    -1.034315    -0.134395
  1606.000000    -1.224107    -0.134395
  1607.000000    -1.412332    -0.134395
  1608.000000    -1.491217    -0.134395
  1609.000000    -1.393501    -0.134395
  1610.000000    -1.138854    -0.134395
  1611.000000    -0.812595    -0.134395
  1612.000000    -0.506339    -0.134395
  1613.000000    -0.280200    -0.134395
  1614.000000    -0.154360    -0.134218
  1615.000000    -0.106180    -0.134218
  1616.000000    -0.078536    -0.134172
  1617.000000    -0.021409    -0.134172
  1618.000000     0.063545    -0.134172
  1619.000000     0.126343    -0.134172
  1620.000000     0.114117    -0.134172
  1621.000000     0.009415    -0.134172
  1622.000000    -0.163067    -0.134172
  1623.000000    -0.337191    -0.134172
  1624.000000    -0.411514    -0.134172
  1625.000000    -0.296509    -0.134172
  1626.000000     0.009158    -0.134172
  1627.000000     0.410512    -0.134172
  1628.000000     0.809914    -0.134172
  1629.000000     1.187701    -0.134172
  1630.000000     1.556959    -0.134172
  1631.000000     1.863139    -0.134172
  1632.000000     1.984148    -0.134172
  1633.000000     1.831112    -0.134172
  1634.000000     1.430946    -0.134172
  1635.000000     0.923642    -0.134172
  1636.000000     0.494062    -0.134172
  1637.000000     0.278280    -0.134172
  1638.000000     0.287071    -0.134172
  1639.000000     0.404017    -0.134172
  1640.000000     0.472081    -0.134172
  1641.000000     0.407253    -0.134172
  1642.000000     0.253141    -0.134172
  1643.000000     0.144024    -0.134172
  1644.000000     0.203597    -0.134172
  1645.000000     0.454319    -0.134172
  1646.000000     0.790847    -0.134172
  1647.000000     1.033258    -0.134172
  1648.000000     1.035771    -0.134172
  1649.000000     0.780455    -0.134172
  1650.000000     0.389987    -0.134172
  1651.000000     0.040907    -0.134172
  1652.000000    -0.152060    -0.134172
  1653.000000    -0.195682    -0.134172
  1654.000000    -0.178371    -0.134172
  1655.000000    -0.181999    -0.134172
  1656.000000    -0.223398    -0.134172
  1657.000000    -0.256854    -0.134172
  1658.000000    -0.211156    -0.134172
  1659.000000    -0.037149    -0.134172
  1660.000000     0.240870    -0.134172
  1661.000000     0.496885    -0.134172
  1662.000000     0.551768    -0.134172
  1663.000000     0.304194    -0.134172
  1664.000000    -0.154581    -0.134172
  1665.000000    -0.576742    -0.134172
  1666.000000    -0.745374    -0.134172
  1667.000000    -0.643028    -0.134172
  1668.000000    -0.435424    -0.134172
  1669.000000    -0.310174    -0.134172
  1670.000000    -0.334073    -0.134172
  1671.000000    -0.443894    -0.134172
  1672.000000    -0.519195    -0.134172
  1673.000000    -0.448203    -0.134172
  1674.000000    -0.175475    -0.134172
  1675.000000     0.243210    -0.134172
  1676.000000     0.634890    -0.134172
  1677.000000     0.811786    -0.134172
  1678.000000     0.719826    -0.134172
  1679.000000     0.472153    -0.134172
  1680.000000     0.239711    -0.134172
  1681.000000     0.122158    -0.134172
  1682.000000     0.110816    -0.134172
  1683.000000     0.127278    -0.134172
  1684.000000     0.084768    -0.134172
  1685.000000    -0.056189    -0.134172
  1686.000000    -0.259474    -0.134172
  1687.000000    -0.458419    -0.134172
  1688.000000    -0.629862    -0.134172
  1689.000000    -0.792726    -0.134172
  1690.000000    -0.920090    -0.134172
  1691.000000    -0.910479    -0.134172
  1692.000000    -0.699013    -0.134172
  1693.000000    -0.371006    -0.134172
  1694.000000    -0.112555    -0.134172
  1695.000000    -0.051827    -0.134172
  1696.000000    -0.168174    -0.134172
  1697.000000    -0.333796    -0.134172
  1698.000000    -0.410894    -0.134172
  1699.000000    -0.338066    -0.134172
  1700.000000    -0.160775    -0.134172
  1701.000000     0.013846    -0.134172
  1702.000000     0.110197    -0.134172
  1703.000000     0.128610    -0.134172
  1704.000000     0.094484    -0.134172
  1705.000000    -0.013028    -0.134172
  1706.000000    -0.250086    -0.134172
  1707.000000    -0.628018    -0.134172
  1708.000000    -1.064461    -0.134172
  1709.000000    -1.422013    -0.134172
  1710.000000    -1.582231    -0.134172
  1711.000000    -1.491427    -0.134172
  1712.000000    -1.177120    -0.134172
  1713.000000    -0.741869    -0.134172
  1714.000000    -0.321762    -0.134172
  1715.000000    -0.017874    -0.134172
  1716.000000     0.154482    -0.134172
  1717.000000     0.253793    -0.134172
  1718.000000     0.350841    -0.134172
  1719.000000     0.466325    -0.134172
  1720.000000     0.562781    -0.134172
  1721.000000     0.602376    -0.134172
  1722.000000     0.616108    -0.134172
  1723.000000     0.702547    -0.134172
  1724.000000     0.944882    -0.134172
  1725.000000     1.325089    -0.134172
  1726.000000     1.724705    -0.134172
  1727.000000     2.006645    -0.134172
  1728.000000     2.101011    -0.134172
  1729.000000     2.030505    -0.134172
  1730.000000     1.862437    -0.134172
  1731.000000     1.634945    -0.134172
  1732.000000     1.343008    -0.134172
  1733.000000     1.005007    -0.134172
  1734.000000     0.707701    -0.134172
  1735.000000     0.536802    -0.134172
  1736.000000     0.480982    -0.134172
  1737.000000     0.450113    -0.134172
  1738.000000     0.384634    -0.134172
  1739.000000     0.310048    -0.134172
  1740.000000     0.287828    -0.134172
  1741.000000     0.345768    -0.134172
  1742.000000     0.462571    -0.134172
  1743.000000     0.597965    -0.134172
  1744.000000     0.735447    -0.134172
  1745.000000     0.897171    -0.134172
  1746.000000     1.107082    -0.134172
  1747.000000     1.330787    -0.134172
  1748.000000     1.457315    -0.134172
  1749.000000     1.365479    -0.134172
  1750.000000     1.035917    -0.134172
  1751.000000     0.604777    -0.134172
  1752.000000     0.285722    -0.134172
  1753.000000     0.204277    -0.134172
  1754.000000     0.296300    -0.134172
  1755.000000     0.369127    -0.134172
  1756.000000     0.254203    -0.134172
  1757.000000    -0.074931    -0.134172
  1758.000000    -0.488002    -0.134172
  1759.000000    -0.771745    -0.134172
  1760.000000    -0.757946    -0.134172
  1761.000000    -0.441710    -0.134172
  1762.000000     0.001692    -0.134172
  1763.000000     0.338735    -0.134172
  1764.000000     0.441686    -0.134172
  1765.000000     0.352066    -0.134172
  1766.000000     0.202241    -0.134172
  1767.000000     0.091313    -0.134172
  1768.000000     0.020164    -0.134172
  1769.000000    -0.081503    -0.134172
  1770.000000    -0.267300    -0.134172
  1771.000000    -0.488801    -0.134172
  1772.000000    -0.598608    -0.134172
  1773.000000    -0.463057    -0.134172
  1774.000000    -0.089976    -0.134172
  1775.000000     0.365075    -0.134172
  1776.000000     0.723827    -0.134172
  1777.000000     0.903817    -0.134172
  1778.000000     0.916305    -0.134172
  1779.000000     0.783996    -0.134172
  1780.000000     0.498670    -0.134172
  1781.000000     0.059868    -0.134172
  1782.000000    -0.465947    -0.134172
  1783.000000    -0.930896    -0.134172
  1784.000000    -1.171056    -0.134172
  1785.000000    -1.126219    -0.134172
  1786.000000    -0.910886    -0.134172
  1787.000000    -0.734643    -0.134172
  1788.000000    -0.729156    -0.134172
  1789.000000    -0.859299    -0.134172
  1790.000000    -0.987606    -0.134172
  1791.000000    -0.983195    -0.134172
  1792.000000    -0.779602    -0.134172
  1793.000000    -0.399623    -0.134172
  1794.000000     0.039693    -0.134172
  1795.000000     0.381936    -0.134172
  1796.000000     0.545183    -0.134172
  1797.000000     0.577051    -0.134172
  1798.000000     0.583408    -0.134172
  1799.000000     0.612077    -0.134172
  1800.000000     0.617648    -0.134172
  1801.000000     0.518560    -0.134172
  1802.000000     0.277407    -0.134172
  1803.000000    -0.056821    -0.134172
  1804.000000    -0.377070    -0.134172
  1805.000000    -0.602702    -0.134172
  1806.000000    -0.730676    -0.134172
  1807.000000    -0.791291    -0.134172
  1808.000000    -0.794397    -0.134172
  1809.000000    -0.751280    -0.134172
  1810.000000    -0.716332    -0.134172
  1811.000000    -0.761297    -0.134172
  1812.000000    -0.915716    -0.134172
  1813.000000    -1.152423    -0.134172
  1814.000000    -1.414699    -0.134172
  1815.000000    -1.646871    -0.134172
  1816.000000    -1.804796    -0.134172
  1817.000000    -1.847465    -0.134172
  1818.000000    -1.727443    -0.134172
  1819.000000    -1.418236    -0.134172
  1820.000000    -0.957745    -0.134172
  1821.000000    -0.448116    -0.134172
  1822.000000     0.003274    -0.134172
  1823.000000     0.349446    -0.134172
  1824.000000     0.621385    -0.134172
  1825.000000     0.881960    -0.134172
  1826.000000     1.147069    -0.134172
  1827.000000     1.340432    -0.134172
  1828.000000     1.341148    -0.134172
  1829.000000     1.098431    -0.134172
  1830.000000     0.699830    -0.134172
  1831.000000     0.306060    -0.134172
  1832.000000     0.009452    -0.134172
  1833.000000    -0.228068    -0.134172
  1834.000000    -0.497478    -0.134172
  1835.000000    -0.839713    -0.134172
  1836.000000    -1.239215    -0.134172
  1837.000000    -1.679924    -0.134172
  1838.000000    -2.159725    -0.134172
  1839.000000    -2.643068    -0.134172
  1840.000000    -3.023743    -0.134172
  1841.000000    -3.165020    -0.134172
  1842.000000    -2.995745    -0.134172
  1843.000000    -2.581887    -0.134172
  1844.000000    -2.092424    -0.134172
  1845.000000    -1.684103    -0.134172
  1846.000000    -1.413786    -0.134172
  1847.000000    -1.253927    -0.134172
  1848.000000    -1.163322    -0.134172
  1849.000000    -1.118938    -0.134172
  1850.000000    -1.101024    -0.134172
  1851.000000    -1.087903    -0.134172
  1852.000000    -1.072365    -0.134172
  1853.000000    -1.053139    -0.134172
  1854.000000    -1.010997    -0.134172
  1855.000000    -0.927698    -0.134172
  1856.000000    -0.842214    -0.134172
  1857.000000    -0.845531    -0.134172
  1858.000000    -0.990394    -0.134172
  1859.000000    -1.224481    -0.134172
  1860.000000    -1.436313    -0.134172
  1861.000000    -1.556090    -0.134172
  1862.000000    -1.591342    -0.134172
  1863.000000    -1.576491    -0.134172
  1864.000000    -1.511306    -0.134172
  1865.000000    -1.356749    -0.134172
  1866.000000    -1.091508    -0.134172
  1867.000000    -0.774967    -0.134172
  1868.000000    -0.544214    -0.134172
  1869.000000    -0.521156    -0.134172
  1870.000000    -0.705009    -0.134172
  1871.000000    -0.958375    -0.134172
  1872.000000    -1.105212    -0.134172
  1873.000000    -1.045318    -0.134172
  1874.000000    -0.806207    -0.134172
  1875.000000    -0.506088    -0.134172
  1876.000000    -0.258022    -0.134093
  1877.000000    -0.090261    -0.097329
  1878.000000     0.034719    -0.097329
  1879.000000     0.124268    -0.086657
  1880.000000     0.124725    -0.086084
  1881.000000     0.015695    -0.086084
  1882.000000    -0.102198    -0.086084
  1883.000000    -0.075379    -0.085687
  1884.000000     0.139609    -0.085687
  1885.000000     0.415073    -0.085687
  1886.000000     0.565938    -0.084574
  1887.000000     0.494224    -0.084574
  1888.000000     0.235310    -0.084574
  1889.000000    -0.074288    -0.084574
  1890.000000    -0.250179    -0.084574
  1891.000000    -0.149552    -0.084574
  1892.000000     0.212062    -0.084574
  1893.000000     0.647283    -0.084574
  1894.000000     0.942735    -0.084574
  1895.000000     1.016700    -0.084574
  1896.000000     0.915153    -0.084574
  1897.000000     0.695451    -0.084574
  1898.000000     0.389349    -0.084574
  1899.000000     0.081236    -0.084574
  1900.000000    -0.069573    -0.084574
  1901.000000     0.047418    -0.084574
  1902.000000     0.362397    -0.084574
  1903.000000     0.655172    -0.084574
  1904.000000     0.711277    -0.084574
  1905.000000     0.444540    -0.084574
  1906.000000    -0.078457    -0.084574
  1907.000000    -0.693254    -0.084574
  1908.000000    -1.229613    -0.084574
  1909.000000    -1.590083    -0.084574
  1910.000000    -1.764258    -0.084574
  1911.000000    -1.778906    -0.084574
  1912.000000    -1.650945    -0.084574
  1913.000000    -1.383774    -0.084574
  1914.000000    -0.997816    -0.084574
  1915.000000    -0.543855    -0.084574
  1916.000000    -0.080532    -0.029515
  1917.000000     0.352726     0.249247
  1918.000000     0.718401     0.301409
  1919.000000     0.952984     0.308005
  1920.000000     1.001972     0.308005
  1921.000000     0.900089     0.308005
  1922.000000     0.783577     0.308005
  1923.000000     0.790589     0.308005
  1924.000000     0.960239     0.308005
  1925.000000     1.228552     0.308005
  1926.000000     1.494835     0.308005
  1927.000000     1.684807     0.308005
  1928.000000     1.771582     0.308005
  1929.000000     1.756180     0.308005
  1930.000000     1.632282     0.308005
  1931.000000     1.394350     0.308005
  1932.000000     1.086872     0.308005
  1933.000000     0.823066     0.308005
  1934.000000     0.721741     0.308005
  1935.000000     0.817451     0.308005
  1936.000000     1.040245     0.308005
  1937.000000     1.281488     0.308005
  1938.000000     1.476226     0.308005
  1939.000000     1.609111     0.308005
  1940.000000     1.657389     0.308005
  1941.000000     1.568600     0.308005
  1942.000000     1.318580     0.308005
  1943.000000     0.975530     0.308005
  1944.000000     0.677358     0.308005
  1945.000000     0.539232     0.308005
  1946.000000     0.576261     0.308005
  1947.000000     0.704067     0.308005
  1948.000000     0.802283     0.308005
  1949.000000     0.790094     0.308005
  1950.000000     0.666763     0.308005
  1951.000000     0.501471     0.308005
  1952.000000     0.384457     0.308005
  1953.000000     0.371095     0.308005
  1954.000000     0.455943     0.308005
  1955.000000     0.584265     0.308005
  1956.000000     0.679187     0.308005
  1957.000000     0.669355     0.308005
  1958.000000     0.515450     0.308005
  1959.000000     0.230781     0.308005
  1960.000000    -0.118512     0.308005
  1961.000000    -0.428390     0.308005
  1962.000000    -0.584549     0.308005
  1963.000000    -0.510965     0.308005
  1964.000000    -0.213386     0.308005
  1965.000000     0.233463     0.308005
  1966.000000     0.739436     0.308005
  1967.000000     1.218977     0.308005
  1968.000000     1.570542     0.308005
  1969.000000     1.696560     0.308005
  1970.000000     1.576866     0.308005
  1971.000000     1.299824     0.308005
  1972.000000     0.998206     0.308005
  1973.000000     0.772502     0.308005
  1974.000000     0.686761     0.308005
  1975.000000     0.796606     0.308005
  1976.000000     1.118304     0.308005
  1977.000000     1.573574     0.308005
  1978.000000     2.007973     0.308005
  1979.000000     2.286439     0.308005
  1980.000000     2.361951     0.308005
  1981.000000     2.269202     0.308005
  1982.000000     2.086854     0.308005
  1983.000000     1.902421     0.308005
  1984.000000     1.773942     0.308005
  1985.000000     1.703298     0.308005
  1986.000000     1.651876     0.308005
  1987.000000     1.594814     0.308005
  1988.000000     1.547751     0.308005
  1989.000000     1.532739     0.308005
  1990.000000     1.539705     0.308005
  1991.000000     1.538565     0.308005
  1992.000000     1.513739     0.308005
  1993.000000     1.463406     0.308005
  1994.000000     1.377041     0.308005
  1995.000000     1.240063     0.308005
  1996.000000     1.056211     0.308005
  1997.000000     0.866491     0.308005
  1998.000000     0.743815     0.308005
  1999.000000     0.755317     0.308005
  2000.000000     0.911963     0.308005
  2001.000000     1.158300     0.308005
  2002.000000     1.415988     0.308005
  2003.000000     1.622474     0.308005
  2004.000000     1.724624     0.308005
  2005.000000     1.678810     0.308005
  2006.000000     1.485529     0.308005
  2007.000000     1.204010     0.308005
  2008.000000     0.910377     0.308005
  2009.000000     0.660053     0.308005
  2010.000000     0.512417     0.308005
  2011.000000     0.553975     0.308005
  2012.000000     0.839043     0.308005
  2013.000000     1.303911     0.308005
  2014.000000     1.778553     0.308005
  2015.000000     2.111064     0.308005
  2016.000000     2.262354     0.308005
